PreprocessorDefinitions=
Techniques=
TechniqueSorting=MagicBloom@MagicBloom.fx,HDR@FakeHDR.fx,Colourfulness@Colourfulness.fx,Tonemap@Tonemap.fx

[Colourfulness.fx]
backbuffer_bits=8.000000
colourfulness=0.250000
col_noise=1
enable_dither=0
lim_luma=0.700000

[FakeHDR.fx]
HDRPower=1.280000
radius1=0.805000
radius2=0.855000

[MagicBloom.fx]
f2Adapt_Clip=0.000000,1.000000
fAdapt_Sensitivity=1.000000
fAdapt_Speed=0.100000
fBloom_Intensity=1.000000
fBloom_Threshold=1.900000
fDirt_Intensity=0.000000
fExposure=0.500000
iAdapt_Precision=0
iDebug=0

[Tonemap.fx]
Bleach=0.000000
Defog=0.000000
Exposure=0.000000
FogColor=0.000000,0.000000,1.000000
Gamma=0.775000
Saturation=0.000000

[CAS.fx]
Contrast=0.500000
Sharpening=0.750000