duration = 92.750;

entities =
{

	{
		entity_name = "Layer_s002xe_nrml_sinclair_li_01_City",
		type = SCENE,
		template_name = "",
		lt_grp = 0, srt_grp = 0, usr_flg = 0,
		spatialprops =
		{
			pos = { 0, 0, 0 },
			orient = { { 1, 0, 0 }, { 0, 1, 0 }, { 0, 0, 1 } }
		},
		up = Y_AXIS,
		front = Z_AXIS,
		ambient = { 0, 0, 0 },
		userprops =
		{
			TextStart = "0.75000",
			TextString = "259608.00000",
		}
	},

	{
		entity_name = "Char_trent",
		type = DEFORMABLE,
		template_name = "trent",
		lt_grp = 0, srt_grp = 0, usr_flg = 0,
		flags = LIT_DYNAMIC,
		spatialprops =
		{
			pos = { 0.631245, 0, -0.750919 },
			orient = { { -0.917551,  0.000000, -0.397619 },
					   {  0.000000,  1.000000,  0.000000 },
					   {  0.397619,  0.000000, -0.917551 } }
		},
		compoundprops =
		{
			floor_height = 0
		},
		userprops =
		{
			actor = "player",
			category = "Character",
		}
	},

	{
		entity_name = "Char_medic_1",
		type = DEFORMABLE,
		template_name = "medic_3",
		lt_grp = 0, srt_grp = 0, usr_flg = 0,
		flags = LIT_DYNAMIC,
		spatialprops =
		{
			pos = { 25.18445, 0, -18.17009 },
			orient = { {  0.020095,  0.000000, -0.999798 },
					   {  0.000000,  1.000000,  0.000000 },
					   {  0.999798,  0.000000,  0.020095 } }
		},
		compoundprops =
		{
			floor_height = 0
		},
		userprops =
		{
			actor = "medic_01",
			category = "Character",
		}
	},

	{
		entity_name = "Char_syd",
		type = DEFORMABLE,
		template_name = "syd",
		lt_grp = 0, srt_grp = 0, usr_flg = 0,
		flags = LIT_DYNAMIC,
		spatialprops =
		{
			pos = { 60.77106, 0, 1.677518 },
			orient = { { -0.850572,  0.000000, -0.525859 },
					   {  0.000000,  1.000000,  0.000000 },
					   {  0.525859,  0.000000, -0.850572 } }
		},
		compoundprops =
		{
			floor_height = 0
		},
		userprops =
		{
			actor = "syd",
			category = "Character",
		}
	},

	{
		entity_name = "Char_medic_2",
		type = DEFORMABLE,
		template_name = "medic_2",
		lt_grp = 0, srt_grp = 0, usr_flg = 0,
		flags = LIT_DYNAMIC,
		spatialprops =
		{
			pos = { 2.008617, 0, 0.463181 },
			orient = { {  0.067613,  0.000000, -0.997712 },
					   {  0.000000,  1.000000,  0.000000 },
					   {  0.997712,  0.000000,  0.067613 } }
		},
		compoundprops =
		{
			floor_height = 0
		},
		userprops =
		{
			actor = "medic_02",
			category = "Character",
		}
	},

	{
		entity_name = "Prop_Char_Lonnigan",
		type = DEFORMABLE,
		template_name = "lonnigan_hurt",
		lt_grp = 0, srt_grp = 0, usr_flg = 0,
		flags = LIT_DYNAMIC,
		spatialprops =
		{
			pos = { 0, 0, 0 },
			orient = { { 1, 0, 0 }, { 0, 1, 0 }, { 0, 0, 1 } }
		},
		compoundprops =
		{
			floor_height = 0
		},
		userprops =
		{
			actor = "lonnigan",
			category = "Character",
		}
	},

	{
		entity_name = "Prop_armored_transport",
		type = COMPOUND,
		template_name = "rtcprop_armored_transport",
		lt_grp = 4, srt_grp = 0, usr_flg = 0,
		flags = LIT_DYNAMIC,
		spatialprops =
		{
			pos = { 80.92127, 68.43961, -52.62284 },
			orient = { { -0.793515,  0.061457,  0.605439 },
					   { -0.072410,  0.978284, -0.194208 },
					   { -0.604227, -0.197947, -0.771833 } }
		},
		userprops =
		{
			category = "Spaceship",
			loadout = "MSN13_Quintaine",
			running_lights = "True",
		}
	},

	{
		entity_name = "Cam_01_VideoCam_A",
		type = CAMERA,
		template_name = "",
		lt_grp = 0, srt_grp = 0, usr_flg = 0,
		spatialprops =
		{
			pos = { 11.88557, 0.67208, -5.39249 },
			orient = { {  0.467838, -0.015965,  0.883670 },
					   { -0.383836,  0.896953,  0.219418 },
					   { -0.796114, -0.441837,  0.413501 } }
		},
		cameraprops =
		{
			fovh = 25,
			hvaspect = 1.85,
			nearplane = 0.25,
			farplane = 7000
		}
	},

	{
		entity_name = "Prop_armored_trans_Mk_loc_02_Land",
		type = MARKER,
		template_name = "",
		lt_grp = 0, srt_grp = 0, usr_flg = 0,
		spatialprops =
		{
			pos = { 60.29028, 7.248215, -18.68996 },
			orient = { { -0.520774,  0.004990, -0.853680 },
					   {  0.000401,  0.999984,  0.005601 },
					   {  0.853694,  0.002574, -0.520768 } }
		}
	},

	{
		entity_name = "Char_Tr_Mk_loc_02_Arrive",
		type = MARKER,
		template_name = "",
		lt_grp = 0, srt_grp = 0, usr_flg = 0,
		spatialprops =
		{
			pos = { 50.21625, 0, -12.37261 },
			orient = { {  0.326755,  0.000000, -0.945109 },
					   {  0.000000,  1.000000,  0.000000 },
					   {  0.945109,  0.000000,  0.326755 } }
		}
	},

	{
		entity_name = "Char_Tr_Mk_loc_02_Arrive2",
		type = MARKER,
		template_name = "",
		lt_grp = 0, srt_grp = 0, usr_flg = 0,
		spatialprops =
		{
			pos = { 50.51625, 0, -12.37261 },
			orient = { {  0.326755,  0.000000, -0.945109 },
					   {  0.000000,  1.000000,  0.000000 },
					   {  0.945109,  0.000000,  0.326755 } }
		}
	},

	{
		entity_name = "Char_Medic_1_Mk_loc_01",
		type = MARKER,
		template_name = "",
		lt_grp = 0, srt_grp = 0, usr_flg = 0,
		spatialprops =
		{
			pos = { 38.47599, 0, -17.63583 },
			orient = { { -0.214569,  0.000000,  0.976709 },
					   {  0.000000,  1.000000,  0.000000 },
					   { -0.976709,  0.000000, -0.214569 } }
		}
	},

	{
		entity_name = "Char_Medic_2_Mk_loc_01",
		type = MARKER,
		template_name = "",
		lt_grp = 0, srt_grp = 0, usr_flg = 0,
		spatialprops =
		{
			pos = { 37.17859, 0, -16.31369 },
			orient = { {  0.042449,  0.000000,  0.999099 },
					   {  0.000000,  1.000000,  0.000000 },
					   { -0.999099,  0.000000,  0.042449 } }
		}
	},

	{
		entity_name = "Char_Medic_1_Mk_loc_02_Runback",
		type = MARKER,
		template_name = "",
		lt_grp = 0, srt_grp = 0, usr_flg = 0,
		spatialprops =
		{
			pos = { 41.59782, 0, -14.22714 },
			orient = { {  0.239362,  0.000000, -0.970930 },
					   {  0.000000,  1.000000,  0.000000 },
					   {  0.970930,  0.000000,  0.239362 } }
		}
	},

	{
		entity_name = "Char_Medic_2_Mk_loc_02_Runback",
		type = MARKER,
		template_name = "",
		lt_grp = 0, srt_grp = 0, usr_flg = 0,
		spatialprops =
		{
			pos = { 46.09309, 0, -13.02516 },
			orient = { {  0.223304,  0.000000, -0.974749 },
					   {  0.000000,  1.000000,  0.000000 },
					   {  0.974749,  0.000000,  0.223304 } }
		}
	},

	{
		entity_name = "Char_Tr_Mk_loc_04_Run_Catch_Up",
		type = MARKER,
		template_name = "",
		lt_grp = 0, srt_grp = 0, usr_flg = 0,
		spatialprops =
		{
			pos = { 40.03524, 0.950939, -16.71417 },
			orient = { { -0.064269,  0.000000, -0.997933 },
					   {  0.000000,  1.000000,  0.000000 },
					   {  0.997933,  0.000000, -0.064269 } }
		}
	},

	{
		entity_name = "Char_Medic_1_Mk_loc_03_Catch_Up",
		type = MARKER,
		template_name = "",
		lt_grp = 0, srt_grp = 0, usr_flg = 0,
		spatialprops =
		{
			pos = { 32.35531, 0.946886, -16.80064 },
			orient = { {  0.173762,  0.000000, -0.984788 },
					   {  0.000000,  1.000000,  0.000000 },
					   {  0.984788,  0.000000,  0.173762 } }
		}
	},

	{
		entity_name = "Char_Medic_2_Mk_loc_03_Catch_Up",
		type = MARKER,
		template_name = "",
		lt_grp = 0, srt_grp = 0, usr_flg = 0,
		spatialprops =
		{
			pos = { 35.926, 0.946886, -16.27961 },
			orient = { {  0.160546,  0.000000, -0.987028 },
					   {  0.000000,  1.000000,  0.000000 },
					   {  0.987028,  0.000000,  0.160546 } }
		}
	},

	{
		entity_name = "Char_Syd_Mk_loc_02_Enter",
		type = MARKER,
		template_name = "",
		lt_grp = 0, srt_grp = 0, usr_flg = 0,
		spatialprops =
		{
			pos = { 34.78688, 0.961983, -16.00666 },
			orient = { {  0.010796,  0.000000, -0.999942 },
					   {  0.000000,  1.000000,  0.000000 },
					   {  0.999942,  0.000000,  0.010796 } }
		}
	},

	{
		entity_name = "Cam_13_Ship_take_off_A",
		type = CAMERA,
		template_name = "",
		lt_grp = 0, srt_grp = 0, usr_flg = 0,
		spatialprops =
		{
			pos = { 43.79708, 18.84095, 2.247963 },
			orient = { {  0.996189,  0.000000, -0.087221 },
					   { -0.064432,  0.674015, -0.735902 },
					   {  0.058788,  0.738718,  0.671446 } }
		},
		cameraprops =
		{
			fovh = 25,
			hvaspect = 1.85,
			nearplane = 5,
			farplane = 7000
		}
	},

	{
		entity_name = "Cam_13_Ship_take_off_B",
		type = CAMERA,
		template_name = "",
		lt_grp = 0, srt_grp = 0, usr_flg = 0,
		spatialprops =
		{
			pos = { 59.65879, 56.31464, 97.57275 },
			orient = { {  0.998543,  0.000000,  0.053967 },
					   {  0.000008,  1.000000, -0.000141 },
					   { -0.053967,  0.000141,  0.998543 } }
		},
		cameraprops =
		{
			fovh = 25,
			hvaspect = 1.333333,
			nearplane = 0.4,
			farplane = 7000
		}
	},

	{
		entity_name = "Char_Extra_01",
		type = DEFORMABLE,
		template_name = "ore_runner_male_3",
		lt_grp = 0, srt_grp = 0, usr_flg = 0,
		flags = LIT_DYNAMIC + LIT_AMBIENT,
		spatialprops =
		{
			pos = { 0, 0, 0 },
			orient = { { 1, 0, 0 }, { 0, 1, 0 }, { 0, 0, 1 } }
		},
		compoundprops =
		{
			floor_height = 0
		},
		userprops =
		{
			actor = "extra_01",
			category = "Character",
			Priority = "BG_Extras_1",
		}
	},

	{
		entity_name = "Char_Extra_01_Mk_loc_Arrive",
		type = MARKER,
		template_name = "",
		lt_grp = 0, srt_grp = 0, usr_flg = 0,
		spatialprops =
		{
			pos = { 50.27801, 0, -15.67798 },
			orient = { { -0.523985,  0.000000, -0.851728 },
					   {  0.000000,  1.000000,  0.000000 },
					   {  0.851728,  0.000000, -0.523985 } }
		}
	},

	{
		entity_name = "Mrk_offscreen_Location",
		type = MARKER,
		template_name = "",
		lt_grp = 0, srt_grp = 0, usr_flg = 0,
		spatialprops =
		{
			pos = { -208.4941, 0.969072, 418.9843 },
			orient = { {  0.034548,  0.000000,  0.999403 },
					   {  0.000000,  1.000000,  0.000000 },
					   { -0.999403,  0.000000,  0.034548 } }
		}
	},

	{
		entity_name = "Cam_13_Ship_take_off_C",
		type = CAMERA,
		template_name = "",
		lt_grp = 0, srt_grp = 0, usr_flg = 0,
		spatialprops =
		{
			pos = { 59.65879, 56.31464, 97.57275 },
			orient = { {  0.998543,  0.000000,  0.053967 },
					   {  0.000008,  1.000000, -0.000141 },
					   { -0.053967,  0.000141,  0.998543 } }
		},
		cameraprops =
		{
			fovh = 29.99999,
			hvaspect = 1.333333,
			nearplane = 25,
			farplane = 7000
		}
	},

	{
		entity_name = "Prop_Maglev",
		type = COMPOUND,
		template_name = "maglev",
		lt_grp = 0, srt_grp = 0, usr_flg = 0,
		flags = LIT_DYNAMIC,
		spatialprops =
		{
			pos = { 1.395533, 0.972928, -1.255081 },
			orient = { { -0.850572,  0.000000, -0.525859 },
					   {  0.000000,  1.000000,  0.000000 },
					   {  0.525859,  0.000000, -0.850572 } }
		},
		userprops =
		{
			category = "Prop",
		}
	},

	{
		entity_name = "Cam_02_Intro_Trent_A",
		type = CAMERA,
		template_name = "",
		lt_grp = 0, srt_grp = 0, usr_flg = 0,
		spatialprops =
		{
			pos = { 46.62006, -0.21233, -10.72704 },
			orient = { {  0.630553,  0.000000,  0.776146 },
					   { -0.122309,  0.987505,  0.099366 },
					   { -0.766448, -0.157585,  0.622675 } }
		},
		cameraprops =
		{
			fovh = 10,
			hvaspect = 1.85,
			nearplane = 1,
			farplane = 7000
		}
	},

	{
		entity_name = "Cam_02_Intro_Trent_B",
		type = CAMERA,
		template_name = "",
		lt_grp = 0, srt_grp = 0, usr_flg = 0,
		spatialprops =
		{
			pos = { 42.18546, 1.606355, -14.41474 },
			orient = { {  0.010370,  0.000000,  0.999946 },
					   { -0.001781,  0.999998,  0.000018 },
					   { -0.999945, -0.001781,  0.010370 } }
		},
		cameraprops =
		{
			fovh = 10,
			hvaspect = 1.85,
			nearplane = 0.4,
			farplane = 7000
		}
	},

	{
		entity_name = "Cam_03_ACOH_Trent_Medics_A_old",
		type = CAMERA,
		template_name = "",
		lt_grp = 0, srt_grp = 0, usr_flg = 0,
		spatialprops =
		{
			pos = { 43.03812, 1.025792, -6.747615 },
			orient = { {  0.955067,  0.000000, -0.296389 },
					   { -0.002464,  0.999965, -0.007939 },
					   {  0.296379,  0.008312,  0.955034 } }
		},
		cameraprops =
		{
			fovh = 10,
			hvaspect = 1.85,
			nearplane = 4.5,
			farplane = 7000
		}
	},

	{
		entity_name = "Cam_03_ACOH_Trent_Medics_B_old",
		type = CAMERA,
		template_name = "",
		lt_grp = 0, srt_grp = 0, usr_flg = 0,
		spatialprops =
		{
			pos = { 46.00068, 1.439382, -9.720034 },
			orient = { {  0.911166,  0.000000, -0.412040 },
					   { -0.003010,  0.999973, -0.006657 },
					   {  0.412029,  0.007306,  0.911141 } }
		},
		cameraprops =
		{
			fovh = 10,
			hvaspect = 1.85,
			nearplane = 0.4,
			farplane = 7000
		}
	},

	{
		entity_name = "Cam_04_ACOH_Medics_Trent",
		type = CAMERA,
		template_name = "",
		lt_grp = 0, srt_grp = 0, usr_flg = 0,
		spatialprops =
		{
			pos = { 39.07738, 1.746894, -15.21679 },
			orient = { { -0.048768,  0.000000,  0.998810 },
					   {  0.072863,  0.997336,  0.003558 },
					   { -0.996149,  0.072950, -0.048638 } }
		},
		cameraprops =
		{
			fovh = 10,
			hvaspect = 1.85,
			nearplane = 1,
			farplane = 7000
		}
	},

	{
		entity_name = "Cam_09_PC2_Tr_See_Lonn_A",
		type = CAMERA,
		template_name = "",
		lt_grp = 0, srt_grp = 0, usr_flg = 0,
		spatialprops =
		{
			pos = { 36.86328, 1.468535, -12.93687 },
			orient = { {  0.458758,  0.000000,  0.888561 },
					   {  0.017889,  0.999797, -0.009236 },
					   { -0.888381,  0.020132,  0.458665 } }
		},
		cameraprops =
		{
			fovh = 10,
			hvaspect = 1.85,
			nearplane = 1,
			farplane = 7000
		}
	},

	{
		entity_name = "rtcprop_l_elite_3",
		type = COMPOUND,
		template_name = "rtcprop_l_elite",
		lt_grp = 3, srt_grp = 0, usr_flg = 0,
		flags = LIT_DYNAMIC + LIT_AMBIENT,
		spatialprops =
		{
			pos = { 54.03338, -11.85659, -95.01251 },
			orient = { { -0.886911,  0.000000, -0.461941 },
					   {  0.000000,  1.000000,  0.000000 },
					   {  0.461941,  0.000000, -0.886911 } }
		},
		userprops =
		{
			category = "Spaceship",
			loadout = "li_n_li_elite_loadout01",
			running_lights = "True",
		}
	},

	{
		entity_name = "Char_Tr_Mk_loc_03_Observe_Still",
		type = MARKER,
		template_name = "",
		lt_grp = 0, srt_grp = 0, usr_flg = 0,
		spatialprops =
		{
			pos = { 42.24818, 0.973607, -15.18482 },
			orient = { {  0.352623,  0.000000, -0.935766 },
					   {  0.000000,  1.000000,  0.000000 },
					   {  0.935766,  0.000000,  0.352623 } }
		}
	},

	{
		entity_name = "Cam_09_PC2_Tr_See_Lonn_B",
		type = CAMERA,
		template_name = "",
		lt_grp = 0, srt_grp = 0, usr_flg = 0,
		spatialprops =
		{
			pos = { 34.36568, 1.408042, -13.20022 },
			orient = { {  0.508396,  0.000000,  0.861123 },
					   {  0.021079,  0.999700, -0.012445 },
					   { -0.860865,  0.024478,  0.508244 } }
		},
		cameraprops =
		{
			fovh = 10,
			hvaspect = 1.85,
			nearplane = 0.4,
			farplane = 7000
		}
	},

	{
		entity_name = "Cam_11_AC2_Tr_Catching_up_A",
		type = CAMERA,
		template_name = "",
		lt_grp = 0, srt_grp = 0, usr_flg = 0,
		spatialprops =
		{
			pos = { 28.05231, 1.204095, -15.74205 },
			orient = { {  0.174885,  0.000000,  0.984589 },
					   { -0.024809,  0.999682,  0.004407 },
					   { -0.984276, -0.025197,  0.174830 } }
		},
		cameraprops =
		{
			fovh = 10,
			hvaspect = 1.85,
			nearplane = 0.75,
			farplane = 7000
		}
	},

	{
		entity_name = "Cam_11_AC2_Tr_Catching_up_B",
		type = CAMERA,
		template_name = "",
		lt_grp = 0, srt_grp = 0, usr_flg = 0,
		spatialprops =
		{
			pos = { 25.99328, 1.354233, -17.02357 },
			orient = { {  0.387898,  0.000000,  0.921702 },
					   { -0.108595,  0.993035,  0.045702 },
					   { -0.915283, -0.117820,  0.385197 } }
		},
		cameraprops =
		{
			fovh = 10,
			hvaspect = 1.85,
			nearplane = 0.4,
			farplane = 7000
		}
	},

	{
		entity_name = "Cam_12_Wide_to_ACU_A_Tr_Walk_old",
		type = CAMERA,
		template_name = "",
		lt_grp = 0, srt_grp = 0, usr_flg = 0,
		spatialprops =
		{
			pos = { 33.70132, 0.830194, -15.27301 },
			orient = { {  0.415995,  0.000000, -0.909367 },
					   {  0.018200,  0.999800,  0.008326 },
					   {  0.909185, -0.020014,  0.415911 } }
		},
		cameraprops =
		{
			fovh = 15,
			hvaspect = 1.85,
			nearplane = 0.4,
			farplane = 7000
		}
	},

	{
		entity_name = "Cam_12_Wide_to_ACU_B_cig",
		type = CAMERA,
		template_name = "",
		lt_grp = 0, srt_grp = 0, usr_flg = 0,
		spatialprops =
		{
			pos = { 33.90283, 0.810518, -15.29478 },
			orient = { {  0.666972,  0.000000, -0.745083 },
					   {  0.010991,  0.999891,  0.009839 },
					   {  0.745002, -0.014751,  0.666899 } }
		},
		cameraprops =
		{
			fovh = 15,
			hvaspect = 1.85,
			nearplane = 0.4,
			farplane = 7000
		}
	},

	{
		entity_name = "Cam_01_VideoCam_Path_Mk_1",
		type = CAMERA,
		template_name = "",
		lt_grp = 0, srt_grp = 0, usr_flg = 0,
		spatialprops =
		{
			pos = { 12.84628, 0.600529, -5.18622 },
			orient = { {  0.200760,  0.000000,  0.979640 },
					   { -0.096927,  0.995093,  0.019864 },
					   { -0.974834, -0.098942,  0.199775 } }
		},
		cameraprops =
		{
			fovh = 25,
			hvaspect = 1.85,
			nearplane = 0.4,
			farplane = 7000
		}
	},

	{
		entity_name = "Cam_01_VideoCam_Path",
		type = MOTION_PATH,
		template_name = "",
		lt_grp = 0, srt_grp = 0, usr_flg = 0,
		spatialprops =
		{
			pos = { 11.90512, 0.734916, -5.301813 },
			orient = { {  0.467840, -0.015965,  0.883669 },
					   { -0.315337,  0.931016,  0.183769 },
					   { -0.825644, -0.364628,  0.430533 } }
		},
		pathprops =
		{
			path_type = "CV_CROrientationSplinePath",
			path_data = "OPEN,{-0.088292,-0.069038,0.000021}, {0.999109,0.042209,0.000000,0.000000}, {-0.000003,0.143674,0.000004}, {1.000000,0.000000,0.000000,0.000000}, {0.168929,0.045777,0.000016}, {0.999741,-0.022737,0.000000,0.000000}, "
		}
	},

	{
		entity_name = "vfx_TV_Distortion_2",
		type = PSYS,
		template_name = "TV_Distortion",
		lt_grp = 0, srt_grp = 0, usr_flg = 0,
		flags = LIT_DYNAMIC + LIT_AMBIENT,
		spatialprops =
		{
			pos = { 30.26684, 0.837997, -5.532381 },
			orient = { {  0.586534,  0.000000,  0.809924 },
					   { -0.459081,  0.823842,  0.332459 },
					   { -0.667249, -0.566820,  0.483212 } }
		},
		psysprops =
		{
			sparam = 0
		}
	},

	{
		entity_name = "Prop_Maglev_Mk_loc_02",
		type = MARKER,
		template_name = "",
		lt_grp = 0, srt_grp = 0, usr_flg = 0,
		spatialprops =
		{
			pos = { 42.0096, 0.995145, -16.70382 },
			orient = { { -0.395814, -0.007450,  0.918300 },
					   {  0.917831,  0.029779,  0.395853 },
					   { -0.030295,  0.999529, -0.004949 } }
		}
	},

	{
		entity_name = "Prop_Maglev_Mk_loc_03_hover",
		type = MARKER,
		template_name = "",
		lt_grp = 0, srt_grp = 0, usr_flg = 0,
		spatialprops =
		{
			pos = { 42.007, 1.080704, -16.70424 },
			orient = { { -0.395814, -0.007450,  0.918300 },
					   {  0.917831,  0.029779,  0.395853 },
					   { -0.030295,  0.999529, -0.004949 } }
		}
	},

	{
		entity_name = "Prop_Maglev_Path",
		type = MOTION_PATH,
		template_name = "",
		lt_grp = 0, srt_grp = 0, usr_flg = 0,
		spatialprops =
		{
			pos = { 44.85243, 1.050864, -15.76745 },
			orient = { { -0.396358,  0.124174,  0.909660 },
					   {  0.917831,  0.029779,  0.395853 },
					   {  0.022066,  0.991813, -0.125774 } }
		},
		pathprops =
		{
			path_type = "CV_CROrientationSplinePath",
			path_data = "OPEN,{0.268754,-2.984111,0.000001}, {0.997823,0.000000,0.065954,0.000000}, {0.000001,0.000001,0.000000}, {1.000000,0.000000,0.000000,0.000000}, {-1.068811,8.659163,-0.297958}, {0.996923,-0.042357,0.065895,0.002800}, "
		}
	},

	{
		entity_name = "Cam_01_VideoCam_C",
		type = CAMERA,
		template_name = "",
		lt_grp = 0, srt_grp = 0, usr_flg = 0,
		spatialprops =
		{
			pos = { 41.23056, 0.444238, -11.32347 },
			orient = { {  0.208295,  0.000000,  0.978066 },
					   { -0.020626,  0.999778,  0.004393 },
					   { -0.977849, -0.021089,  0.208248 } }
		},
		cameraprops =
		{
			fovh = 15,
			hvaspect = 1.85,
			nearplane = 0.4,
			farplane = 7000
		}
	},

	{
		entity_name = "Cam_01_VideoCam_D_Zoom",
		type = CAMERA,
		template_name = "",
		lt_grp = 0, srt_grp = 0, usr_flg = 0,
		spatialprops =
		{
			pos = { 41.23056, 0.444238, -11.32347 },
			orient = { {  0.177997,  0.000000,  0.984031 },
					   { -0.063517,  0.997915,  0.011489 },
					   { -0.981979, -0.064548,  0.177626 } }
		},
		cameraprops =
		{
			fovh = 10,
			hvaspect = 1.85,
			nearplane = 0.4,
			farplane = 7000
		}
	},

	{
		entity_name = "Cam_05_HIGH_Trent_Emerge_A",
		type = CAMERA,
		template_name = "",
		lt_grp = 0, srt_grp = 0, usr_flg = 0,
		spatialprops =
		{
			pos = { 34.59061, 7.666797, -4.111458 },
			orient = { {  0.746681,  0.000000,  0.665183 },
					   {  0.253854,  0.924315, -0.284957 },
					   { -0.614838,  0.381631,  0.690168 } }
		},
		cameraprops =
		{
			fovh = 15,
			hvaspect = 1.85,
			nearplane = 2,
			farplane = 7000
		}
	},

	{
		entity_name = "Cam_05_HIGH_Trent_Emerge_B",
		type = CAMERA,
		template_name = "",
		lt_grp = 0, srt_grp = 0, usr_flg = 0,
		spatialprops =
		{
			pos = { 31.67344, 5.909434, -6.53149 },
			orient = { {  0.645902,  0.000000,  0.763420 },
					   {  0.234492,  0.951658, -0.198396 },
					   { -0.726515,  0.307160,  0.614678 } }
		},
		cameraprops =
		{
			fovh = 20,
			hvaspect = 1.85,
			nearplane = 0.4,
			farplane = 7000
		}
	},

	{
		entity_name = "Cam_12_Wide_to_ACU_C_Syd_Smoke_old",
		type = CAMERA,
		template_name = "",
		lt_grp = 0, srt_grp = 0, usr_flg = 0,
		spatialprops =
		{
			pos = { 34.54064, 1.124205, -15.34701 },
			orient = { {  0.555331,  0.000000, -0.831630 },
					   {  0.295820,  0.934596,  0.197537 },
					   {  0.777238, -0.355711,  0.519010 } }
		},
		cameraprops =
		{
			fovh = 15,
			hvaspect = 1.85,
			nearplane = 0.4,
			farplane = 7000
		}
	},

	{
		entity_name = "Prop_Char_Lonn_Mk_loc_01_start",
		type = MARKER,
		template_name = "",
		lt_grp = 0, srt_grp = 0, usr_flg = 0,
		spatialprops =
		{
			pos = { 43.4612, 0.735177, -14.42913 },
			orient = { {  0.162312,  0.020795, -0.986520 },
					   {  0.007075,  0.999728,  0.022238 },
					   {  0.986714, -0.010589,  0.162121 } }
		}
	},

	{
		entity_name = "Prop_Char_Lonn_Mk_loc_02",
		type = MARKER,
		template_name = "",
		lt_grp = 0, srt_grp = 0, usr_flg = 0,
		spatialprops =
		{
			pos = { 34.1297, 0.779226, -16.39171 },
			orient = { {  0.204246, -0.030495, -0.978445 },
					   { -0.035058,  0.998646, -0.038443 },
					   {  0.978292,  0.042154,  0.202900 } }
		}
	},

	{
		entity_name = "Prop_Maglev_Mk_loc_01_Start",
		type = MARKER,
		template_name = "",
		lt_grp = 0, srt_grp = 0, usr_flg = 0,
		spatialprops =
		{
			pos = { 31.34252, 0.653357, -20.43617 },
			orient = { { -0.160770, -0.014700,  0.986882 },
					   {  0.986451,  0.030696,  0.161157 },
					   { -0.032662,  0.999421,  0.009566 } }
		}
	},

	{
		entity_name = "Prop_Char_Lonn_Mk_loc_03",
		type = MARKER,
		template_name = "",
		lt_grp = 0, srt_grp = 0, usr_flg = 0,
		spatialprops =
		{
			pos = { 34.1297, 0.779226, -16.49171 },
			orient = { {  0.125350,  0.062476, -0.990144 },
					   { -0.050827,  0.997109,  0.056481 },
					   {  0.990810,  0.043246,  0.128163 } }
		}
	},

	{
		entity_name = "Prop_Char_Lonn_Mk_loc_04",
		type = MARKER,
		template_name = "",
		lt_grp = 0, srt_grp = 0, usr_flg = 0,
		spatialprops =
		{
			pos = { 6.243919, 0.594941, -19.70311 },
			orient = { {  0.135321,  0.013190, -0.990714 },
					   { -0.016229,  0.999807,  0.011094 },
					   {  0.990669,  0.014577,  0.135509 } }
		}
	},

	{
		entity_name = "vfx_rtc_sydsmoke_3",
		type = PSYS,
		template_name = "rtc_sydsmoke",
		lt_grp = 0, srt_grp = 0, usr_flg = 0,
		flags = LIT_DYNAMIC + LIT_AMBIENT,
		spatialprops =
		{
			pos = { 33.31406, 0.78776, -15.65935 },
			orient = { { -0.049821, -0.045176, -0.997736 },
					   { -0.032624,  0.998517, -0.043582 },
					   {  0.998225,  0.030379, -0.051221 } }
		},
		psysprops =
		{
			sparam = 0
		}
	},

	{
		entity_name = "vfx_rtc_cigaretteglow_4",
		type = PSYS,
		template_name = "rtc_cigaretteglow",
		lt_grp = 0, srt_grp = 0, usr_flg = 0,
		flags = LIT_DYNAMIC + LIT_AMBIENT,
		spatialprops =
		{
			pos = { 33.54745, 1.667683, -16.02382 },
			orient = { { -0.993979, -0.070059, -0.084243 },
					   {  0.109320, -0.685796, -0.719537 },
					   { -0.007363, -0.724414,  0.689325 } }
		},
		psysprops =
		{
			sparam = 0
		}
	},

	{
		entity_name = "Cam_01_VideoCam_Path_Mk_2",
		type = CAMERA,
		template_name = "",
		lt_grp = 0, srt_grp = 0, usr_flg = 0,
		spatialprops =
		{
			pos = { 12.83473, 0.531903, -5.274146 },
			orient = { {  0.270328,  0.000000,  0.962768 },
					   { -0.233260,  0.970206,  0.065495 },
					   { -0.934084, -0.242281,  0.262274 } }
		},
		cameraprops =
		{
			fovh = 15,
			hvaspect = 0.98,
			nearplane = 0.4,
			farplane = 7000
		}
	},

	{
		entity_name = "Char_Tr_Mk_IKeyes_Right",
		type = MARKER,
		template_name = "",
		lt_grp = 0, srt_grp = 0, usr_flg = 0,
		spatialprops =
		{
			pos = { 44.09029, 1.772408, -14.56876 },
			orient = { {  0.165859, -0.005988, -0.986131 },
					   { -0.103197, -0.994597, -0.011317 },
					   { -0.980735,  0.103643, -0.165580 } }
		}
	},

	{
		entity_name = "Char_Tr_Mk_Core_Body",
		type = MARKER,
		template_name = "",
		lt_grp = 0, srt_grp = 0, usr_flg = 0,
		spatialprops =
		{
			pos = { 0.631245, 0.972928, -0.750919 },
			orient = { { -0.917551,  0.000000, -0.397619 },
					   {  0.000000,  1.000000,  0.000000 },
					   {  0.397619,  0.000000, -0.917551 } }
		}
	},

	{
		entity_name = "Char_Tr_Mk_IKhead_Left",
		type = MARKER,
		template_name = "",
		lt_grp = 0, srt_grp = 0, usr_flg = 0,
		spatialprops =
		{
			pos = { 0.790207, 1.699952, -0.071846 },
			orient = { { -0.879662,  0.000000, -0.475600 },
					   {  0.000000,  1.000000,  0.000000 },
					   {  0.475600,  0.000000, -0.879662 } }
		}
	},

	{
		entity_name = "Char_Tr_Mk_IKhead_Up",
		type = MARKER,
		template_name = "",
		lt_grp = 0, srt_grp = 0, usr_flg = 0,
		spatialprops =
		{
			pos = { 0.384266, 1.934304, -0.291323 },
			orient = { { -0.879662,  0.000000, -0.475600 },
					   {  0.000000,  1.000000,  0.000000 },
					   {  0.475600,  0.000000, -0.879662 } }
		}
	},

	{
		entity_name = "Char_Tr_Mk_IKhead_Leftlow",
		type = MARKER,
		template_name = "",
		lt_grp = 0, srt_grp = 0, usr_flg = 0,
		spatialprops =
		{
			pos = { 0.790207, 1.699952, -0.071846 },
			orient = { { -0.879662,  0.000000, -0.475600 },
					   {  0.000000,  1.000000,  0.000000 },
					   {  0.475600,  0.000000, -0.879662 } }
		}
	},

	{
		entity_name = "Char_Tr_Mk_IK_LeftArm_Up",
		type = MARKER,
		template_name = "",
		lt_grp = 0, srt_grp = 0, usr_flg = 0,
		spatialprops =
		{
			pos = { 33.6505, 1.491089, -16.77325 },
			orient = { {  0.029508,  0.000000, -0.999565 },
					   {  0.000000,  1.000000,  0.000000 },
					   {  0.999565,  0.000000,  0.029508 } }
		}
	},

	{
		entity_name = "Char_Tr_Mk_IK_LeftUArm_Up",
		type = MARKER,
		template_name = "",
		lt_grp = 0, srt_grp = 0, usr_flg = 0,
		spatialprops =
		{
			pos = { 33.97877, 1.306243, -16.90768 },
			orient = { {  0.065728,  0.000000, -0.997838 },
					   {  0.000000,  1.000000,  0.000000 },
					   {  0.997838,  0.000000,  0.065728 } }
		}
	},

	{
		entity_name = "Char_Extra_02",
		type = DEFORMABLE,
		template_name = "ore_runner_female_1",
		lt_grp = 0, srt_grp = 0, usr_flg = 0,
		flags = LIT_DYNAMIC + LIT_AMBIENT,
		spatialprops =
		{
			pos = { 0, 0, 0 },
			orient = { { 1, 0, 0 }, { 0, 1, 0 }, { 0, 0, 1 } }
		},
		compoundprops =
		{
			floor_height = 0
		},
		userprops =
		{
			actor = "extra_02",
			category = "Character",
			Priority = "BG_Extras_1",
		}
	},

	{
		entity_name = "Char_Extra_02_Mk_loc_Arrive",
		type = MARKER,
		template_name = "",
		lt_grp = 0, srt_grp = 0, usr_flg = 0,
		spatialprops =
		{
			pos = { 57.16304, 0, -8.655996 },
			orient = { {  0.891360,  0.000000, -0.453296 },
					   {  0.000000,  1.000000,  0.000000 },
					   {  0.453296,  0.000000,  0.891360 } }
		}
	},

	{
		entity_name = "Cam_01_VideoCam_B",
		type = CAMERA,
		template_name = "",
		lt_grp = 0, srt_grp = 0, usr_flg = 0,
		spatialprops =
		{
			pos = { 41.23056, 0.444238, -11.32347 },
			orient = { {  0.530243,  0.000000,  0.847846 },
					   { -0.054450,  0.997936,  0.034053 },
					   { -0.846095, -0.064221,  0.529149 } }
		},
		cameraprops =
		{
			fovh = 15,
			hvaspect = 1.85,
			nearplane = 0.4,
			farplane = 7000
		}
	},

	{
		entity_name = "vfx_rtc_sydblowsmoke_mk_smoke_scatter",
		type = MARKER,
		template_name = "",
		lt_grp = 0, srt_grp = 0, usr_flg = 0,
		spatialprops =
		{
			pos = { 32.69844, 1.710945, -16.24889 },
			orient = { { -0.018263, -0.000001, -0.999833 },
					   { -0.299100,  0.954206,  0.005463 },
					   {  0.954047,  0.299150, -0.017427 } }
		}
	},

	{
		entity_name = "vfx_TV_Lines_2",
		type = PSYS,
		template_name = "TV_Lines",
		lt_grp = 0, srt_grp = 0, usr_flg = 0,
		flags = LIT_DYNAMIC + LIT_AMBIENT,
		spatialprops =
		{
			pos = { 12.11461, 0.799164, -5.511476 },
			orient = { {  0.467840, -0.015965,  0.883669 },
					   { -0.383850,  0.896945,  0.219427 },
					   { -0.796106, -0.441853,  0.413499 } }
		},
		psysprops =
		{
			sparam = 0
		}
	},

	{
		entity_name = "vfx_TV_Distortion_2_Mk_Cam_02",
		type = MARKER,
		template_name = "",
		lt_grp = 0, srt_grp = 0, usr_flg = 0,
		spatialprops =
		{
			pos = { 47.15607, 1.367725, -11.18136 },
			orient = { {  0.623715,  0.000000,  0.781652 },
					   { -0.035006,  0.998997,  0.027933 },
					   { -0.780868, -0.044785,  0.623089 } }
		}
	},

	{
		entity_name = "rtcprop_civ_elite_2",
		type = COMPOUND,
		template_name = "rtcprop_civ_elite",
		lt_grp = 3, srt_grp = 0, usr_flg = 0,
		flags = LIT_DYNAMIC + LIT_AMBIENT,
		spatialprops =
		{
			pos = { 54.03338, -11.85659, -95.01251 },
			orient = { { -0.886911,  0.000000, -0.461941 },
					   {  0.000000,  1.000000,  0.000000 },
					   {  0.461941,  0.000000, -0.886911 } }
		},
		userprops =
		{
			category = "Spaceship",
			loadout = "co_ge_fighter5_loadout01",
			running_lights = "True",
		}
	},

	{
		entity_name = "rtcprop_Civ_Elite_Mk_01_Start",
		type = MARKER,
		template_name = "",
		lt_grp = 0, srt_grp = 0, usr_flg = 0,
		spatialprops =
		{
			pos = { 108.68864, 39.746, -122.0535 },
			orient = { {  0.192681,  0.000000, -0.981261 },
					   {  0.000000,  1.000000,  0.000000 },
					   {  0.981261,  0.000000,  0.192681 } }
		}
	},

	{
		entity_name = "rtcprop_Civ_Elite_Mk_02_Destination",
		type = MARKER,
		template_name = "",
		lt_grp = 0, srt_grp = 0, usr_flg = 0,
		spatialprops =
		{
			pos = { -75.17887, 51.27559, -171.894 },
			orient = { {  0.161498,  0.545421, -0.822456 },
					   { -0.105092,  0.838162,  0.535200 },
					   {  0.981262,  0.000000,  0.192681 } }
		}
	},

	{
		entity_name = "Char_Tr_Mk_IKhead_Right",
		type = MARKER,
		template_name = "",
		lt_grp = 0, srt_grp = 0, usr_flg = 0,
		spatialprops =
		{
			pos = { 45.01847, 1.561158, -14.12768 },
			orient = { {  0.416372,  0.000000, -0.909194 },
					   {  0.000000,  1.000000,  0.000000 },
					   {  0.909194,  0.000000,  0.416372 } }
		}
	},

	{
		entity_name = "Char_Tr_Mk_Core_Head",
		type = MARKER,
		template_name = "",
		lt_grp = 0, srt_grp = 0, usr_flg = 0,
		spatialprops =
		{
			pos = { 0.631245, 0.972928, -0.750919 },
			orient = { { -0.917551,  0.000000, -0.397619 },
					   {  0.000000,  1.000000,  0.000000 },
					   {  0.397619,  0.000000, -0.917551 } }
		}
	},

	{
		entity_name = "Char_Tr_Mk_IKeyes_Left",
		type = MARKER,
		template_name = "",
		lt_grp = 0, srt_grp = 0, usr_flg = 0,
		spatialprops =
		{
			pos = { 44.13404, 1.764946, -14.04892 },
			orient = { { -0.327245, -0.001806, -0.944938 },
					   { -0.082987, -0.996079,  0.030643 },
					   { -0.941288,  0.088445,  0.325812 } }
		}
	},

	{
		entity_name = "Char_Tr_Mk_IKeyes_Center",
		type = MARKER,
		template_name = "",
		lt_grp = 0, srt_grp = 0, usr_flg = 0,
		spatialprops =
		{
			pos = { 46.3636, 1.722937, -13.71749 },
			orient = { {  0.331153,  0.000000, -0.943577 },
					   {  0.000000,  1.000000,  0.000000 },
					   {  0.943577,  0.000000,  0.331153 } }
		}
	},

	{
		entity_name = "Cam_09_PC2_Tr_See_Lonn_C",
		type = CAMERA,
		template_name = "",
		lt_grp = 0, srt_grp = 0, usr_flg = 0,
		spatialprops =
		{
			pos = { 34.36568, 1.408042, -13.20022 },
			orient = { {  0.671896,  0.000000,  0.740646 },
					   {  0.095406,  0.991669, -0.086550 },
					   { -0.734475,  0.128814,  0.666298 } }
		},
		cameraprops =
		{
			fovh = 10,
			hvaspect = 1.85,
			nearplane = 0.4,
			farplane = 7000
		}
	},

	{
		entity_name = "Char_Tr_Mk_loc_05_Stack_Correctly",
		type = MARKER,
		template_name = "",
		lt_grp = 0, srt_grp = 0, usr_flg = 0,
		spatialprops =
		{
			pos = { 27.59809, 0.947682, -18.8095 },
			orient = { {  0.076628,  0.000000, -0.997060 },
					   {  0.000000,  1.000000,  0.000000 },
					   {  0.997060,  0.000000,  0.076628 } }
		}
	},

	{
		entity_name = "Char_Medic_1_Mk_loc_04_Stack_Correctly",
		type = MARKER,
		template_name = "",
		lt_grp = 0, srt_grp = 0, usr_flg = 0,
		spatialprops =
		{
			pos = { 21.5205, 0.925532, -17.67022 },
			orient = { {  0.243175,  0.000000, -0.969982 },
					   {  0.000000,  1.000000,  0.000000 },
					   {  0.969982,  0.000000,  0.243175 } }
		}
	},

	{
		entity_name = "rtcprop_L_Elite_Mk_01_Start",
		type = MARKER,
		template_name = "",
		lt_grp = 0, srt_grp = 0, usr_flg = 0,
		spatialprops =
		{
			pos = { 8.802436, 17.19856, -8.17058 },
			orient = { {  0.784726,  0.398326,  0.474912 },
					   { -0.340779,  0.917244, -0.206237 },
					   { -0.517760,  0.000000,  0.855526 } }
		}
	},

	{
		entity_name = "rtcprop_L_Elite_Mk_02_Destination",
		type = MARKER,
		template_name = "",
		lt_grp = 0, srt_grp = 0, usr_flg = 0,
		spatialprops =
		{
			pos = { 185.1496, 17.6601, -299.7776 },
			orient = { {  0.698431, -0.558736,  0.447223 },
					   {  0.470538,  0.829346,  0.301297 },
					   { -0.539248,  0.000000,  0.842147 } }
		}
	},

	{
		entity_name = "Cam_07_PCS_Tr_Observing",
		type = CAMERA,
		template_name = "",
		lt_grp = 0, srt_grp = 0, usr_flg = 0,
		spatialprops =
		{
			pos = { 40.33641, 1.674208, -16.2434 },
			orient = { { -0.469885,  0.000000,  0.882728 },
					   {  0.011199,  0.999920,  0.005962 },
					   { -0.882657,  0.012687, -0.469847 } }
		},
		cameraprops =
		{
			fovh = 9,
			hvaspect = 1.85,
			nearplane = 1,
			farplane = 7000
		}
	},

	{
		entity_name = "Cam_08_Elite_Tracker_AJ_A",
		type = CAMERA,
		template_name = "",
		lt_grp = 0, srt_grp = 0, usr_flg = 0,
		spatialprops =
		{
			pos = { 37.69621, 0.354638, -6.953046 },
			orient = { {  0.765070,  0.000000, -0.643947 },
					   {  0.330701,  0.858058,  0.392904 },
					   {  0.552543, -0.513553,  0.656475 } }
		},
		cameraprops =
		{
			fovh = 20,
			hvaspect = 1.85,
			nearplane = 2,
			farplane = 7000
		}
	},

	{
		entity_name = "Cam_08_Elite_Tracker_AJ_B",
		type = CAMERA,
		template_name = "",
		lt_grp = 0, srt_grp = 0, usr_flg = 0,
		spatialprops =
		{
			pos = { 35.85009, 0.387271, -7.474801 },
			orient = { {  0.901024,  0.000000,  0.433770 },
					   { -0.048307,  0.993779,  0.100344 },
					   { -0.431072, -0.111366,  0.895419 } }
		},
		cameraprops =
		{
			fovh = 20,
			hvaspect = 1.85,
			nearplane = 0.4,
			farplane = 7000
		}
	},

	{
		entity_name = "Cam_10_PCU_Tr_about_to_run",
		type = CAMERA,
		template_name = "",
		lt_grp = 0, srt_grp = 0, usr_flg = 0,
		spatialprops =
		{
			pos = { 37.95793, 1.579176, -16.36142 },
			orient = { { -0.151171,  0.000000,  0.988508 },
					   { -0.030602,  0.999521, -0.004680 },
					   { -0.988034, -0.030958, -0.151098 } }
		},
		cameraprops =
		{
			fovh = 10,
			hvaspect = 1.85,
			nearplane = 1,
			farplane = 7000
		}
	},

	{
		entity_name = "Prop_armored_trans_Mk_Launch_B",
		type = MARKER,
		template_name = "",
		lt_grp = 0, srt_grp = 0, usr_flg = 0,
		spatialprops =
		{
			pos = { 66.21597, 74.03461, 104.1136 },
			orient = { { -0.910557,  0.369262,  0.185827 },
					   {  0.313127,  0.909587, -0.273134 },
					   { -0.269884, -0.190517, -0.943857 } }
		}
	},

	{
		entity_name = "Prop_armored_trans_Mk_Launch_A",
		type = MARKER,
		template_name = "",
		lt_grp = 0, srt_grp = 0, usr_flg = 0,
		spatialprops =
		{
			pos = { 60.33696, 31.13352, -18.6559 },
			orient = { { -0.988140,  0.004990, -0.153473 },
					   {  0.004536,  0.999984,  0.003310 },
					   {  0.153487,  0.002574, -0.988147 } }
		}
	},

	{
		entity_name = "vfx_rtc_shipdust_1",
		type = PSYS,
		template_name = "rtc_shipdust",
		lt_grp = 0, srt_grp = 0, usr_flg = 0,
		flags = LIT_DYNAMIC + LIT_AMBIENT,
		spatialprops =
		{
			pos = { 60.28741, 0.14502, -18.72975 },
			orient = { { -0.763223,  0.003925, -0.646124 },
					   {  0.000401,  0.999984,  0.005601 },
					   {  0.646135,  0.004016, -0.763212 } }
		},
		psysprops =
		{
			sparam = 0
		}
	},

	{
		entity_name = "vfx_rtc_shipdust_2",
		type = PSYS,
		template_name = "rtc_shipdust",
		lt_grp = 0, srt_grp = 0, usr_flg = 0,
		flags = LIT_DYNAMIC + LIT_AMBIENT,
		spatialprops =
		{
			pos = { 64.77303, 0.172896, -24.02812 },
			orient = { { -0.763223,  0.003925, -0.646124 },
					   {  0.000401,  0.999984,  0.005601 },
					   {  0.646135,  0.004016, -0.763212 } }
		},
		psysprops =
		{
			sparam = 0
		}
	},

	{
		entity_name = "vfx_rtc_shipdust_1_Mk_Syd_ShipDust",
		type = MARKER,
		template_name = "",
		lt_grp = 0, srt_grp = 0, usr_flg = 0,
		spatialprops =
		{
			pos = { 38.77174, 0.975724, -17.11354 },
			orient = { {  0.089345,  0.000000,  0.996001 },
					   {  0.000000,  1.000000,  0.000000 },
					   { -0.996001,  0.000000,  0.089345 } }
		}
	},

	{
		entity_name = "vfx_rtc_shipdust_1_Mk_Syd_ShipDust_Return",
		type = MARKER,
		template_name = "",
		lt_grp = 0, srt_grp = 0, usr_flg = 0,
		spatialprops =
		{
			pos = { 60.28741, 0.14502, -18.72975 },
			orient = { { -0.763223,  0.003925, -0.646124 },
					   {  0.000401,  0.999984,  0.005601 },
					   {  0.646135,  0.004016, -0.763212 } }
		}
	},

	{
		entity_name = "gf_br_atransport_engine01_6",
		type = PSYS,
		template_name = "gf_br_atransport_engine01",
		lt_grp = 0, srt_grp = 0, usr_flg = 0,
		flags = LIT_DYNAMIC + LIT_AMBIENT,
		spatialprops =
		{
			pos = { 0, 0, 0 },
			orient = { { 1, 0, 0 }, { 0, 1, 0 }, { 0, 0, 1 } }
		},
		psysprops =
		{
			sparam = 0
		}
	},

	{
		entity_name = "gf_br_atransport_engine01_7",
		type = PSYS,
		template_name = "gf_br_atransport_engine01",
		lt_grp = 0, srt_grp = 0, usr_flg = 0,
		flags = LIT_DYNAMIC + LIT_AMBIENT,
		spatialprops =
		{
			pos = { 0, 0, 0 },
			orient = { { 1, 0, 0 }, { 0, 1, 0 }, { 0, 0, 1 } }
		},
		psysprops =
		{
			sparam = 0
		}
	},

	{
		entity_name = "Char_Syd_Mk_IKeyes_Left",
		type = MARKER,
		template_name = "",
		lt_grp = 0, srt_grp = 0, usr_flg = 0,
		spatialprops =
		{
			pos = { 33.6981, 1.656682, -15.95743 },
			orient = { {  0.104594,  0.000000,  0.994515 },
					   {  0.000000,  1.000000,  0.000000 },
					   { -0.994515,  0.000000,  0.104594 } }
		}
	},

	{
		entity_name = "Char_Syd_Mk_Core_Head",
		type = MARKER,
		template_name = "",
		lt_grp = 0, srt_grp = 0, usr_flg = 0,
		spatialprops =
		{
			pos = { 33.28704, 0.97607, -16.01744 },
			orient = { {  0.096941,  0.000000,  0.995290 },
					   {  0.000000,  1.000000,  0.000000 },
					   { -0.995290,  0.000000,  0.096941 } }
		}
	},

	{
		entity_name = "Char_Syd_Mk_IKeyes_Center",
		type = MARKER,
		template_name = "",
		lt_grp = 0, srt_grp = 0, usr_flg = 0,
		spatialprops =
		{
			pos = { 33.6981, 1.656682, -15.95743 },
			orient = { {  0.104594,  0.000000,  0.994515 },
					   {  0.000000,  1.000000,  0.000000 },
					   { -0.994515,  0.000000,  0.104594 } }
		}
	},

	{
		entity_name = "Char_Syd_Mk_IKeyes_Right",
		type = MARKER,
		template_name = "",
		lt_grp = 0, srt_grp = 0, usr_flg = 0,
		spatialprops =
		{
			pos = { 33.6981, 1.656682, -15.95743 },
			orient = { {  0.104594,  0.000000,  0.994515 },
					   {  0.000000,  1.000000,  0.000000 },
					   { -0.994515,  0.000000,  0.104594 } }
		}
	},

	{
		entity_name = "Char_Extra_03",
		type = DEFORMABLE,
		template_name = "ore_runner_male_2",
		lt_grp = 0, srt_grp = 0, usr_flg = 0,
		flags = LIT_DYNAMIC + LIT_AMBIENT,
		spatialprops =
		{
			pos = { 52.02951, 0, -14.3993 },
			orient = { {  0.701913,  0.000000, -0.712263 },
					   {  0.000000,  1.000000,  0.000000 },
					   {  0.712263,  0.000000,  0.701913 } }
		},
		compoundprops =
		{
			floor_height = 0
		},
		userprops =
		{
			actor = "extra_03",
			category = "Character",
			Priority = "BG_Extras_2",
		}
	},

	{
		entity_name = "Char_Extra_03_Mk_loc_Arrive",
		type = MARKER,
		template_name = "",
		lt_grp = 0, srt_grp = 0, usr_flg = 0,
		spatialprops =
		{
			pos = { 53.91283, 0, -11.58475 },
			orient = { {  0.689218,  0.000000, -0.724554 },
					   {  0.000000,  1.000000,  0.000000 },
					   {  0.724554,  0.000000,  0.689218 } }
		}
	},

	{
