duration = 67.125;

entities =
{

	{
		entity_name = "Layer_s004x",
		type = SCENE,
		template_name = "",
		lt_grp = 0, srt_grp = 0, usr_flg = 0,
		spatialprops =
		{
			pos = { 0, 0, 0 },
			orient = { { 1, 0, 0 }, { 0, 1, 0 }, { 0, 0, 1 } }
		},
		up = Y_AXIS,
		front = Z_AXIS,
		ambient = { 0, 0, 0 }
	},

	{
		entity_name = "Char_Trent",
		type = DEFORMABLE,
		template_name = "trent",
		lt_grp = 0, srt_grp = 0, usr_flg = 0,
		flags = LIT_DYNAMIC,
		spatialprops =
		{
			pos = { -3.665222, 0, 3.132761 },
			orient = { { -0.988600,  0.000000, -0.150568 },
					   {  0.000000,  1.000000,  0.000000 },
					   {  0.150568,  0.000000, -0.988600 } }
		},
		compoundprops =
		{
			floor_height = 0
		},
		userprops =
		{
			Actor = "Player",
			category = "Character",
		}
	},

	{
		entity_name = "dx_s004x_0101_juni",
		type = SOUND,
		template_name = "dx_s004x_0101_juni",
		lt_grp = 0, srt_grp = 0, usr_flg = 0,
		spatialprops =
		{
			pos = { 0, 0, 0 },
			orient = { { 1, 0, 0 }, { 0, 1, 0 }, { 0, 0, 1 } }
		},
		audioprops =
		{
			attenuation = -3,
			pan = 0,
			dmin = 50,
			dmax = 1000,
			ain = 360,
			aout = 360,
			atout = 0,
			rmix = 0,
		},
		userprops =
		{
			category = "Audio",
		}
	},

	{
		entity_name = "dx_s004x_0201_Li_diplomt",
		type = SOUND,
		template_name = "dx_s004x_0201_Li_diplomt",
		lt_grp = 0, srt_grp = 0, usr_flg = 0,
		spatialprops =
		{
			pos = { 0, 0, 0 },
			orient = { { 1, 0, 0 }, { 0, 1, 0 }, { 0, 0, 1 } }
		},
		audioprops =
		{
			attenuation = -3,
			pan = 0,
			dmin = 50,
			dmax = 1000,
			ain = 360,
			aout = 360,
			atout = 0,
			rmix = 0,
		},
		userprops =
		{
			category = "Audio",
		}
	},

	{
		entity_name = "dx_s004x_0202_Li_diplomt",
		type = SOUND,
		template_name = "dx_s004x_0202_Li_diplomt",
		lt_grp = 0, srt_grp = 0, usr_flg = 0,
		spatialprops =
		{
			pos = { 0, 0, 0 },
			orient = { { 1, 0, 0 }, { 0, 1, 0 }, { 0, 0, 1 } }
		},
		audioprops =
		{
			attenuation = -3,
			pan = 0,
			dmin = 50,
			dmax = 1000,
			ain = 360,
			aout = 360,
			atout = 0,
			rmix = 0,
		},
		userprops =
		{
			category = "Audio",
		}
	},

	{
		entity_name = "dx_s004x_0203_Li_diplomt",
		type = SOUND,
		template_name = "dx_s004x_0203_Li_diplomt",
		lt_grp = 0, srt_grp = 0, usr_flg = 0,
		spatialprops =
		{
			pos = { 0, 0, 0 },
			orient = { { 1, 0, 0 }, { 0, 1, 0 }, { 0, 0, 1 } }
		},
		audioprops =
		{
			attenuation = -3,
			pan = 0,
			dmin = 50,
			dmax = 1000,
			ain = 360,
			aout = 360,
			atout = 0,
			rmix = 0,
		},
		userprops =
		{
			category = "Audio",
		}
	},

	{
		entity_name = "dx_s004x_0301_juni",
		type = SOUND,
		template_name = "dx_s004x_0301_juni",
		lt_grp = 0, srt_grp = 0, usr_flg = 0,
		spatialprops =
		{
			pos = { 0, 0, 0 },
			orient = { { 1, 0, 0 }, { 0, 1, 0 }, { 0, 0, 1 } }
		},
		audioprops =
		{
			attenuation = -3,
			pan = 0,
			dmin = 50,
			dmax = 1000,
			ain = 360,
			aout = 360,
			atout = 0,
			rmix = 0,
		},
		userprops =
		{
			category = "Audio",
		}
	},

	{
		entity_name = "dx_s004x_0401_Trent",
		type = SOUND,
		template_name = "dx_s004x_0401_Trent",
		lt_grp = 0, srt_grp = 0, usr_flg = 0,
		spatialprops =
		{
			pos = { 0, 0, 0 },
			orient = { { 1, 0, 0 }, { 0, 1, 0 }, { 0, 0, 1 } }
		},
		audioprops =
		{
			attenuation = -3,
			pan = 0,
			dmin = 50,
			dmax = 1000,
			ain = 360,
			aout = 360,
			atout = 0,
			rmix = 0,
		},
		userprops =
		{
			category = "Audio",
		}
	},

	{
		entity_name = "Char_li_diplomat",
		type = DEFORMABLE,
		template_name = "li_male_diplomat_1",
		lt_grp = 0, srt_grp = 0, usr_flg = 0,
		flags = LIT_DYNAMIC,
		spatialprops =
		{
			pos = { -4.851301, 0, 6.012808 },
			orient = { {  0.015242,  0.000000,  0.999884 },
					   {  0.000000,  1.000000,  0.000000 },
					   { -0.999884,  0.000000,  0.015242 } }
		},
		compoundprops =
		{
			floor_height = 0
		},
		userprops =
		{
			Actor = "li_diplomat",
			category = "Character",
		}
	},

	{
		entity_name = "dx_s004x_0501_Li_diplomt",
		type = SOUND,
		template_name = "dx_s004x_0501_Li_diplomt",
		lt_grp = 0, srt_grp = 0, usr_flg = 0,
		spatialprops =
		{
			pos = { 0, 0, 0 },
			orient = { { 1, 0, 0 }, { 0, 1, 0 }, { 0, 0, 1 } }
		},
		audioprops =
		{
			attenuation = -3,
			pan = 0,
			dmin = 50,
			dmax = 1000,
			ain = 360,
			aout = 360,
			atout = 0,
			rmix = 0,
		},
		userprops =
		{
			category = "Audio",
		}
	},

	{
		entity_name = "dx_s004x_0601_juni",
		type = SOUND,
		template_name = "dx_s004x_0601_juni",
		lt_grp = 0, srt_grp = 0, usr_flg = 0,
		spatialprops =
		{
			pos = { 0, 0, 0 },
			orient = { { 1, 0, 0 }, { 0, 1, 0 }, { 0, 0, 1 } }
		},
		audioprops =
		{
			attenuation = -3,
			pan = 0,
			dmin = 50,
			dmax = 1000,
			ain = 360,
			aout = 360,
			atout = 0,
			rmix = 0,
		},
		userprops =
		{
			category = "Audio",
		}
	},

	{
		entity_name = "dx_s004x_0701_Li_diplomt",
		type = SOUND,
		template_name = "dx_s004x_0701_Li_diplomt",
		lt_grp = 0, srt_grp = 0, usr_flg = 0,
		spatialprops =
		{
			pos = { 0, 0, 0 },
			orient = { { 1, 0, 0 }, { 0, 1, 0 }, { 0, 0, 1 } }
		},
		audioprops =
		{
			attenuation = -3,
			pan = 0,
			dmin = 50,
			dmax = 1000,
			ain = 360,
			aout = 360,
			atout = 0,
			rmix = 0,
		},
		userprops =
		{
			category = "Audio",
		}
	},

	{
		entity_name = "dx_s004x_0801_Trent",
		type = SOUND,
		template_name = "dx_s004x_0801_Trent",
		lt_grp = 0, srt_grp = 0, usr_flg = 0,
		spatialprops =
		{
			pos = { 0, 0, 0 },
			orient = { { 1, 0, 0 }, { 0, 1, 0 }, { 0, 0, 1 } }
		},
		audioprops =
		{
			attenuation = -3,
			pan = 0,
			dmin = 50,
			dmax = 1000,
			ain = 360,
			aout = 360,
			atout = 0,
			rmix = 0,
		},
		userprops =
		{
			category = "Audio",
		}
	},

	{
		entity_name = "dx_s004x_0901_juni",
		type = SOUND,
		template_name = "dx_s004x_0901_juni",
		lt_grp = 0, srt_grp = 0, usr_flg = 0,
		spatialprops =
		{
			pos = { 0, 0, 0 },
			orient = { { 1, 0, 0 }, { 0, 1, 0 }, { 0, 0, 1 } }
		},
		audioprops =
		{
			attenuation = -3,
			pan = 0,
			dmin = 50,
			dmax = 1000,
			ain = 360,
			aout = 360,
			atout = 0,
			rmix = 0,
		},
		userprops =
		{
			category = "Audio",
		}
	},

	{
		entity_name = "dx_s004x_1001_Trent",
		type = SOUND,
		template_name = "dx_s004x_1001_Trent",
		lt_grp = 0, srt_grp = 0, usr_flg = 0,
		spatialprops =
		{
			pos = { 0, 0, 0 },
			orient = { { 1, 0, 0 }, { 0, 1, 0 }, { 0, 0, 1 } }
		},
		audioprops =
		{
			attenuation = -3,
			pan = 0,
			dmin = 50,
			dmax = 1000,
			ain = 360,
			aout = 360,
			atout = 0,
			rmix = 0,
		},
		userprops =
		{
			category = "Audio",
		}
	},

	{
		entity_name = "dx_s004x_1101_juni",
		type = SOUND,
		template_name = "dx_s004x_1101_juni",
		lt_grp = 0, srt_grp = 0, usr_flg = 0,
		spatialprops =
		{
			pos = { 0, 0, 0 },
			orient = { { 1, 0, 0 }, { 0, 1, 0 }, { 0, 0, 1 } }
		},
		audioprops =
		{
			attenuation = -3,
			pan = 0,
			dmin = 50,
			dmax = 1000,
			ain = 360,
			aout = 360,
			atout = 0,
			rmix = 0,
		},
		userprops =
		{
			category = "Audio",
		}
	},

	{
		entity_name = "dx_s004x_1201_Trent",
		type = SOUND,
		template_name = "dx_s004x_1201_Trent",
		lt_grp = 0, srt_grp = 0, usr_flg = 0,
		spatialprops =
		{
			pos = { 0, 0, 0 },
			orient = { { 1, 0, 0 }, { 0, 1, 0 }, { 0, 0, 1 } }
		},
		audioprops =
		{
			attenuation = -3,
			pan = 0,
			dmin = 50,
			dmax = 1000,
			ain = 360,
			aout = 360,
			atout = 0,
			rmix = 0,
		},
		userprops =
		{
			category = "Audio",
		}
	},

	{
		entity_name = "dx_s004x_1301_juni",
		type = SOUND,
		template_name = "dx_s004x_1301_juni",
		lt_grp = 0, srt_grp = 0, usr_flg = 0,
		spatialprops =
		{
			pos = { 0, 0, 0 },
			orient = { { 1, 0, 0 }, { 0, 1, 0 }, { 0, 0, 1 } }
		},
		audioprops =
		{
			attenuation = -3,
			pan = 0,
			dmin = 50,
			dmax = 1000,
			ain = 360,
			aout = 360,
			atout = 0,
			rmix = 0,
		},
		userprops =
		{
			category = "Audio",
		}
	},

	{
		entity_name = "dx_s004x_1401_Trent",
		type = SOUND,
		template_name = "dx_s004x_1401_Trent",
		lt_grp = 0, srt_grp = 0, usr_flg = 0,
		spatialprops =
		{
			pos = { 0, 0, 0 },
			orient = { { 1, 0, 0 }, { 0, 1, 0 }, { 0, 0, 1 } }
		},
		audioprops =
		{
			attenuation = -3,
			pan = 0,
			dmin = 50,
			dmax = 1000,
			ain = 360,
			aout = 360,
			atout = 0,
			rmix = 0,
		},
		userprops =
		{
			category = "Audio",
		}
	},

	{
		entity_name = "dx_s004x_1501_juni",
		type = SOUND,
		template_name = "dx_s004x_1501_juni",
		lt_grp = 0, srt_grp = 0, usr_flg = 0,
		spatialprops =
		{
			pos = { 0, 0, 0 },
			orient = { { 1, 0, 0 }, { 0, 1, 0 }, { 0, 0, 1 } }
		},
		audioprops =
		{
			attenuation = -3,
			pan = 0,
			dmin = 50,
			dmax = 1000,
			ain = 360,
			aout = 360,
			atout = 0,
			rmix = 0,
		},
		userprops =
		{
			category = "Audio",
		}
	},

	{
		entity_name = "dx_s004x_1502_juni",
		type = SOUND,
		template_name = "dx_s004x_1502_juni",
		lt_grp = 0, srt_grp = 0, usr_flg = 0,
		spatialprops =
		{
			pos = { 0, 0, 0 },
			orient = { { 1, 0, 0 }, { 0, 1, 0 }, { 0, 0, 1 } }
		},
		audioprops =
		{
			attenuation = -3,
			pan = 0,
			dmin = 50,
			dmax = 1000,
			ain = 360,
			aout = 360,
			atout = 0,
			rmix = 0,
		},
		userprops =
		{
			category = "Audio",
		}
	},

	{
		entity_name = "Cam_Monitor_s004x",
		type = MONITOR,
		template_name = "",
		lt_grp = 0, srt_grp = 0, usr_flg = 0,
		userprops =
		{
			Priority = "Monitor_Moving_1",
		}
	},

	{
		entity_name = "Char_Juni",
		type = DEFORMABLE,
		template_name = "juni",
		lt_grp = 0, srt_grp = 0, usr_flg = 0,
		flags = LIT_DYNAMIC,
		spatialprops =
		{
			pos = { -4.036946, 0, 6.972219 },
			orient = { {  0.999990,  0.000000, -0.004450 },
					   {  0.000000,  1.000000,  0.000000 },
					   {  0.004450,  0.000000,  0.999990 } }
		},
		compoundprops =
		{
			floor_height = 0
		},
		userprops =
		{
			Actor = "juni",
			category = "Character",
		}
	},

	{
		entity_name = "dx_s004x_1503_juni",
		type = SOUND,
		template_name = "dx_s004x_1503_juni",
		lt_grp = 0, srt_grp = 0, usr_flg = 0,
		spatialprops =
		{
			pos = { 0, 0, 0 },
			orient = { { -0.959123, -0.282990,  0.000000 },
					   {  0.282990, -0.959123,  0.000000 },
					   {  0.000000,  0.000000,  1.000000 } }
		},
		audioprops =
		{
			attenuation = -3,
			pan = 0,
			dmin = 50,
			dmax = 1000,
			ain = 360,
			aout = 360,
			atout = 0,
			rmix = 0,
		},
		userprops =
		{
			category = "Audio",
		}
	},

	{
		entity_name = "Char_li_dip_Mk_IKhead_fwd",
		type = MARKER,
		template_name = "",
		lt_grp = 0, srt_grp = 0, usr_flg = 0,
		spatialprops =
		{
			pos = { -3.423105, 1.13882, 5.978777 },
			orient = { { -0.954756,  0.045242,  0.293930 },
					   {  0.054835,  0.998195,  0.024476 },
					   { -0.292292,  0.039486, -0.955514 } }
		}
	},

	{
		entity_name = "Cam_A_Wide_Dolly",
		type = CAMERA,
		template_name = "",
		lt_grp = 0, srt_grp = 0, usr_flg = 0,
		flags = HIDDEN,
		spatialprops =
		{
			pos = { -1.405735, 1.416339, 3.177238 },
			orient = { { -0.732723,  0.000000, -0.680526 },
					   { -0.086021,  0.991979,  0.092619 },
					   {  0.675068,  0.126404, -0.726846 } }
		},
		cameraprops =
		{
			fovh = 25,
			hvaspect = 1.85,
			nearplane = 0.4,
			farplane = 100
		}
	},

	{
		entity_name = "Cam_C_Wide_Trent",
		type = CAMERA,
		template_name = "",
		lt_grp = 0, srt_grp = 0, usr_flg = 0,
		flags = HIDDEN,
		spatialprops =
		{
			pos = { -2.196909, 1.200628, 7.721931 },
			orient = { {  0.691336,  0.000000, -0.722533 },
					   { -0.009468,  0.999914, -0.009059 },
					   {  0.722471,  0.013103,  0.691277 } }
		},
		cameraprops =
		{
			fovh = 25,
			hvaspect = 1.85,
			nearplane = 0.4,
			farplane = 100
		}
	},

	{
		entity_name = "Cam_D_AC2_Juni_Trent",
		type = CAMERA,
		template_name = "",
		lt_grp = 0, srt_grp = 0, usr_flg = 0,
		flags = HIDDEN,
		spatialprops =
		{
			pos = { -2.477813, 1.67058, 4.516276 },
			orient = { { -0.562573,  0.000000, -0.826747 },
					   { -0.136459,  0.986284,  0.092856 },
					   {  0.815408,  0.165055, -0.554857 } }
		},
		cameraprops =
		{
			fovh = 30,
			hvaspect = 1.85,
			nearplane = 0.4,
			farplane = 100
		}
	},

	{
		entity_name = "Cam_B_ACO_Juni",
		type = CAMERA,
		template_name = "",
		lt_grp = 0, srt_grp = 0, usr_flg = 0,
		flags = HIDDEN,
		spatialprops =
		{
			pos = { -3.094197, 1.925263, 4.760726 },
			orient = { { -0.792213,  0.000000, -0.610245 },
					   { -0.259633,  0.904979,  0.337052 },
					   {  0.552259,  0.425457, -0.716936 } }
		},
		cameraprops =
		{
			fovh = 20,
			hvaspect = 1.85,
			nearplane = 0.4,
			farplane = 100
		}
	},

	{
		entity_name = "Cam_E_PCO",
		type = CAMERA,
		template_name = "",
		lt_grp = 0, srt_grp = 0, usr_flg = 0,
		flags = HIDDEN,
		spatialprops =
		{
			pos = { -3.206576, 1.032084, 8.206346 },
			orient = { {  0.933677,  0.000000, -0.358116 },
					   {  0.021738,  0.998156,  0.056675 },
					   {  0.357456, -0.060701,  0.931955 } }
		},
		cameraprops =
		{
			fovh = 20,
			hvaspect = 1.85,
			nearplane = 0.4,
			farplane = 100
		}
	},

	{
		entity_name = "Cam_F_ACO_Juni",
		type = CAMERA,
		template_name = "",
		lt_grp = 0, srt_grp = 0, usr_flg = 0,
		flags = HIDDEN,
		spatialprops =
		{
			pos = { -2.937637, 1.257868, 4.411459 },
			orient = { { -0.831434,  0.000000, -0.555623 },
					   { -0.089480,  0.986947,  0.133898 },
					   {  0.548370,  0.161045, -0.820582 } }
		},
		cameraprops =
		{
			fovh = 20,
			hvaspect = 1.85,
			nearplane = 0.4,
			farplane = 100
		}
	},

	{
		entity_name = "dx_s004x_1302_juni",
		type = SOUND,
		template_name = "dx_s004x_1302_juni",
		lt_grp = 0, srt_grp = 0, usr_flg = 0,
		spatialprops =
		{
			pos = { 0, 0, 0 },
			orient = { { 1, 0, 0 }, { 0, 1, 0 }, { 0, 0, 1 } }
		},
		audioprops =
		{
			attenuation = -3,
			pan = 0,
			dmin = 50,
			dmax = 1000,
			ain = 360,
			aout = 360,
			atout = 0,
			rmix = 0,
		},
		userprops =
		{
			category = "Audio",
		}
	},

	{
		entity_name = "Zg/NPC/mTable3/01/A/SitLow",
		type = MARKER,
		template_name = "",
		lt_grp = 0, srt_grp = 0, usr_flg = 0,
		flags = REFERENCE,
		spatialprops =
		{
			pos = { -4.036946, 0, 6.972219 },
			orient = { {  0.999990,  0.000000, -0.004450 },
					   {  0.000000,  1.000000,  0.000000 },
					   {  0.004450,  0.000000,  0.999990 } }
		}
	},

	{
		entity_name = "Zg/NPC/mTable3/01/B/SitLow",
		type = MARKER,
		template_name = "",
		lt_grp = 0, srt_grp = 0, usr_flg = 0,
		flags = REFERENCE,
		spatialprops =
		{
			pos = { -4.795795, 0, 6.125414 },
			orient = { {  0.012742,  0.000000,  0.999919 },
					   {  0.000000,  1.000000,  0.000000 },
					   { -0.999919,  0.000000,  0.012742 } }
		}
	},

	{
		entity_name = "Char_Juni_Mk_loc_standup",
		type = MARKER,
		template_name = "",
		lt_grp = 0, srt_grp = 0, usr_flg = 0,
		spatialprops =
		{
			pos = { -4.846341, 0, 6.338292 },
			orient = { {  0.015242,  0.000000,  0.999884 },
					   {  0.000000,  1.000000,  0.000000 },
					   { -0.999884,  0.000000,  0.015242 } }
		}
	},

	{
		entity_name = "Char_Tr_Mk_IKhead_juni_gets_up_A",
		type = MARKER,
		template_name = "",
		lt_grp = 0, srt_grp = 0, usr_flg = 0,
		spatialprops =
		{
			pos = { -4.028732, 1.198452, 6.926299 },
			orient = { { -0.690248,  0.000000,  0.723573 },
					   {  0.000000,  1.000000,  0.000000 },
					   { -0.723573,  0.000000, -0.690248 } }
		}
	},

	{
		entity_name = "Char_Tr_Mk_IKhead_juni_gets_up_B",
		type = MARKER,
		template_name = "",
		lt_grp = 0, srt_grp = 0, usr_flg = 0,
		spatialprops =
		{
			pos = { -4.736333, 1.387228, 6.056707 },
			orient = { {  0.969676,  0.000000, -0.244396 },
					   {  0.000000,  1.000000,  0.000000 },
					   {  0.244396,  0.000000,  0.969676 } }
		}
	},

	{
		entity_name = "Char_Juni_Mk_IKhead_sad",
		type = MARKER,
		template_name = "",
		lt_grp = 0, srt_grp = 0, usr_flg = 0,
		spatialprops =
		{
			pos = { -4.275739, 1.096233, 5.917667 },
			orient = { { 1, 0, 0 }, { 0, 1, 0 }, { 0, 0, 1 } }
		}
	},

	{
		entity_name = "Char_Tr_Mk_IKhead_bart",
		type = MARKER,
		template_name = "",
		lt_grp = 0, srt_grp = 0, usr_flg = 0,
		spatialprops =
		{
			pos = { -2.889074, 1.709064, 5.518948 },
			orient = { {  0.999990,  0.000000, -0.004450 },
					   {  0.000000,  1.000000,  0.000000 },
					   {  0.004450,  0.000000,  0.999990 } }
		}
	},

	{
		entity_name = "Char_Juni_Mk_IKhead_Trent_up_02",
		type = MARKER,
		template_name = "",
		lt_grp = 0, srt_grp = 0, usr_flg = 0,
		spatialprops =
		{
			pos = { -4.190123, 1.783684, 4.689521 },
			orient = { { -0.990661,  0.074789, -0.114010 },
					   {  0.075243,  0.997165,  0.000319 },
					   {  0.113710, -0.008263, -0.993480 } }
		}
	},

	{
		entity_name = "Char_Juni_Mk_loc_01",
		type = MARKER,
		template_name = "",
		lt_grp = 0, srt_grp = 0, usr_flg = 0,
		spatialprops =
		{
			pos = { -4.036946, 0.554012, 6.972219 },
			orient = { {  0.999990,  0.000000, -0.004450 },
					   {  0.000000,  1.000000,  0.000000 },
					   {  0.004450,  0.000000,  0.999990 } }
		}
	},

	{
		entity_name = "Char_li_dip_Mk_loc_01",
		type = MARKER,
		template_name = "",
		lt_grp = 0, srt_grp = 0, usr_flg = 0,
		spatialprops =
		{
			pos = { -4.797134, 0.574565, 6.011982 },
			orient = { {  0.015242,  0.000000,  0.999884 },
					   {  0.000000,  1.000000,  0.000000 },
					   { -0.999884,  0.000000,  0.015242 } }
		}
	},

	{
		entity_name = "Cam_A_Path",
		type = MOTION_PATH,
		template_name = "",
		lt_grp = 0, srt_grp = 0, usr_flg = 0,
		spatialprops =
		{
			pos = { -0.994369, 1.486014, 2.770452 },
			orient = { { -0.703140,  0.000000, -0.711052 },
					   { -0.085016,  0.992827,  0.084070 },
					   {  0.705951,  0.119563, -0.698096 } }
		},
		pathprops =
		{
			path_type = "CV_CROrientationSplinePath",
			path_data = "OPEN,{0.000002,-0.000004,-0.582711}, {0.999991,-0.001558,-0.003932,-0.000480}, {-0.521072,0.091925,-1.318573}, {0.828560,0.022856,-0.558597,-0.030577}, {-0.790410,0.110943,-2.142777}, {0.970215,0.031985,-0.239217,-0.020839}, "
		}
	},

	{
		entity_name = "Cam_A_Mk_LookAt",
		type = MARKER,
		template_name = "",
		lt_grp = 0, srt_grp = 0, usr_flg = 0,
		flags = HIDDEN,
		spatialprops =
		{
			pos = { -3.912702, 0.94692, 5.876492 },
			orient = { {  0.771921,  0.000000,  0.635718 },
					   {  0.000000,  1.000000,  0.000000 },
					   { -0.635718,  0.000000,  0.771921 } }
		}
	},

	{
		entity_name = "Cam_A_Mk_LookAt_Up",
		type = MARKER,
		template_name = "",
		lt_grp = 0, srt_grp = 0, usr_flg = 0,
		flags = HIDDEN,
		spatialprops =
		{
			pos = { -3.715772, 1.28176, 5.650862 },
			orient = { {  0.771921,  0.000000,  0.635718 },
					   {  0.000000,  1.000000,  0.000000 },
					   { -0.635718,  0.000000,  0.771921 } }
		}
	},

	{
		entity_name = "Char_Juni_Mk_IKeyes",
		type = MARKER,
		template_name = "",
		lt_grp = 0, srt_grp = 0, usr_flg = 0,
		spatialprops =
		{
			pos = { -3.893253, 0.93942, 6.315632 },
			orient = { {  0.999990,  0.000000, -0.004450 },
					   {  0.000000,  1.000000,  0.000000 },
					   {  0.004450,  0.000000,  0.999990 } }
		}
	},

	{
		entity_name = "Cam_G_Dolly",
		type = CAMERA,
		template_name = "",
		lt_grp = 0, srt_grp = 0, usr_flg = 0,
		flags = HIDDEN,
		spatialprops =
		{
			pos = { -3.102483, 1.349975, 7.450472 },
			orient = { {  0.917591,  0.000000, -0.397525 },
					   {  0.024896,  0.998037,  0.057466 },
					   {  0.396745, -0.062627,  0.915790 } }
		},
		cameraprops =
		{
			fovh = 15,
			hvaspect = 1.85,
			nearplane = 0.4,
			farplane = 100
		}
	},

	{
		entity_name = "Cam_G_Dolly_Path",
		type = MOTION_PATH,
		template_name = "",
		lt_grp = 0, srt_grp = 0, usr_flg = 0,
		spatialprops =
		{
			pos = { -3.102483, 1.349975, 7.450472 },
			orient = { {  0.952897,  0.000000, -0.303294 },
					   {  0.032191,  0.994351,  0.101139 },
					   {  0.301581, -0.106138,  0.947514 } }
		},
		pathprops =
		{
			path_type = "CV_CROrientationSplinePath",
			path_data = "OPEN,{0.000000,0.000000,0.000000}, {0.998495,-0.021806,0.050134,-0.004247}, {0.931052,0.083167,-0.590930}, {0.944693,-0.046430,0.324151,-0.017999}, {0.801257,0.208970,-1.819621}, {0.888497,-0.097462,0.448396,-0.003903}, "
		}
	},

	{
		entity_name = "Char_li_dip_Mk_loc_03_doorleave",
		type = MARKER,
		template_name = "",
		lt_grp = 0, srt_grp = 0, usr_flg = 0,
		spatialprops =
		{
			pos = { -4.708035, 0.554012, 4.04644 },
			orient = { {  0.106711,  0.000000, -0.994290 },
					   {  0.000000,  1.000000,  0.000000 },
					   {  0.994290,  0.000000,  0.106711 } }
		}
	},

	{
		entity_name = "Cam_H_CU_Static_Trent",
		type = CAMERA,
		template_name = "",
		lt_grp = 0, srt_grp = 0, usr_flg = 0,
		flags = HIDDEN,
		spatialprops =
		{
			pos = { -5.990704, 1.646301, 7.124134 },
			orient = { {  0.748686,  0.000000,  0.662925 },
					   {  0.019069,  0.999586, -0.021536 },
					   { -0.662651,  0.028765,  0.748376 } }
		},
		cameraprops =
		{
			fovh = 10,
			hvaspect = 1.85,
			nearplane = 0.4,
			farplane = 100
		}
	},

	{
		entity_name = "Cam_H_Mk_Offset",
		type = MARKER,
		template_name = "",
		lt_grp = 0, srt_grp = 0, usr_flg = 0,
		spatialprops =
		{
			pos = { -4.13822, 1.570614, 5.154982 },
			orient = { {  0.748686,  0.000000,  0.662925 },
					   {  0.019069,  0.999586, -0.021536 },
					   { -0.662651,  0.028765,  0.748376 } }
		}
	},

	{
		entity_name = "Cam_H_Mk_Trent",
		type = MARKER,
		template_name = "",
		lt_grp = 0, srt_grp = 0, usr_flg = 0,
		spatialprops =
		{
			pos = { -3.924391, 1.667192, 5.18079 },
			orient = { {  0.748686,  0.000000,  0.662925 },
					   {  0.019069,  0.999586, -0.021536 },
					   { -0.662651,  0.028765,  0.748376 } }
		}
	},

	{
		entity_name = "Cam_H_Mk_Follow",
		type = MARKER,
		template_name = "",
		lt_grp = 0, srt_grp = 0, usr_flg = 0,
		flags = HIDDEN,
		spatialprops =
		{
			pos = { -4.247112, 1.570614, 5.154982 },
			orient = { {  0.748686,  0.000000,  0.662925 },
					   {  0.019069,  0.999586, -0.021536 },
					   { -0.662651,  0.028765,  0.748376 } }
		}
	},

	{
		entity_name = "Char_li_dip_Mk_IKhead_get_up",
		type = MARKER,
		template_name = "",
		lt_grp = 0, srt_grp = 0, usr_flg = 0,
		spatialprops =
		{
			pos = { -3.405141, 1.166373, 6.533769 },
			orient = { {  0.015242,  0.000000,  0.999884 },
					   {  0.000000,  1.000000,  0.000000 },
					   { -0.999884,  0.000000,  0.015242 } }
		}
	},

	{
		entity_name = "Char_li_dip_Mk_IKeyes_bye",
		type = MARKER,
		template_name = "",
		lt_grp = 0, srt_grp = 0, usr_flg = 0,
		spatialprops =
		{
			pos = { -6.636681, 1.46601, 5.278131 },
			orient = { {  0.015242,  0.000000,  0.999884 },
					   {  0.000000,  1.000000,  0.000000 },
					   { -0.999884,  0.000000,  0.015242 } }
		}
	},

	{
		entity_name = "Char_li_dip_Mk_loc_02_quickturn",
		type = MARKER,
		template_name = "",
		lt_grp = 0, srt_grp = 0, usr_flg = 0,
		spatialprops =
		{
			pos = { -4.712307, 0.972928, 5.277658 },
			orient = { {  0.029793,  0.000000,  0.999556 },
					   {  0.000000,  1.000000,  0.000000 },
					   { -0.999556,  0.000000,  0.029793 } }
		}
	},

	{
		entity_name = "sfx_fs_fl_hard01_1_copy_1",
		type = SOUND,
		template_name = "fs_fl_hard01",
		lt_grp = 0, srt_grp = 0, usr_flg = 0,
		spatialprops =
		{
			pos = { 0, 0, 0 },
			orient = { { 1, 0, 0 }, { 0, 1, 0 }, { 0, 0, 1 } }
		},
		audioprops =
		{
			attenuation = 0,
			pan = 0,
			dmin = 50,
			dmax = 300,
			ain = 360,
			aout = 360,
			atout = 0,
			rmix = 0,
		},
		userprops =
		{
			category = "Audio",
			Priority = "Steps_4",
		}
	},

	{
		entity_name = "sfx_fs_fl_hard02_2_copy_1",
		type = SOUND,
		template_name = "fs_fl_hard02",
		lt_grp = 0, srt_grp = 0, usr_flg = 0,
		spatialprops =
		{
			pos = { 0, 0, 0 },
			orient = { { 1, 0, 0 }, { 0, 1, 0 }, { 0, 0, 1 } }
		},
		audioprops =
		{
			attenuation = 0,
			pan = 0,
			dmin = 50,
			dmax = 300,
			ain = 360,
			aout = 360,
			atout = 0,
			rmix = 0,
		},
		userprops =
		{
			category = "Audio",
			Priority = "Steps_4",
		}
	},

	{
		entity_name = "sfx_fs_fl_hard03_3_copy_1",
		type = SOUND,
		template_name = "fs_fl_hard03",
		lt_grp = 0, srt_grp = 0, usr_flg = 0,
		spatialprops =
		{
			pos = { 0, 0, 0 },
			orient = { { 1, 0, 0 }, { 0, 1, 0 }, { 0, 0, 1 } }
		},
		audioprops =
		{
			attenuation = 0,
			pan = 0,
			dmin = 50,
			dmax = 300,
			ain = 360,
			aout = 360,
			atout = 0,
			rmix = 0,
		},
		userprops =
		{
			category = "Audio",
			Priority = "Steps_4",
		}
	},

	{
		entity_name = "sfx_fs_fl_hard04_4_copy_1",
		type = SOUND,
		template_name = "fs_fl_hard04",
		lt_grp = 0, srt_grp = 0, usr_flg = 0,
		spatialprops =
		{
			pos = { 0, 0, 0 },
			orient = { { 1, 0, 0 }, { 0, 1, 0 }, { 0, 0, 1 } }
		},
		audioprops =
		{
			attenuation = 0,
			pan = 0,
			dmin = 50,
			dmax = 300,
			ain = 360,
			aout = 360,
			atout = 0,
			rmix = 0,
		},
		userprops =
		{
			category = "Audio",
			Priority = "Steps_4",
		}
	},

	{
		entity_name = "sfx_fs_fr_hard01_5_copy_1",
		type = SOUND,
		template_name = "fs_fr_hard01",
		lt_grp = 0, srt_grp = 0, usr_flg = 0,
		spatialprops =
		{
			pos = { 0, 0, 0 },
			orient = { { 1, 0, 0 }, { 0, 1, 0 }, { 0, 0, 1 } }
		},
		audioprops =
		{
			attenuation = 0,
			pan = 0,
			dmin = 50,
			dmax = 300,
			ain = 360,
			aout = 360,
			atout = 0,
			rmix = 0,
		},
		userprops =
		{
			category = "Audio",
			Priority = "Steps_4",
		}
	},

	{
		entity_name = "sfx_fs_fr_hard02_6_copy_1",
		type = SOUND,
		template_name = "fs_fr_hard02",
		lt_grp = 0, srt_grp = 0, usr_flg = 0,
		spatialprops =
		{
			pos = { 0, 0, 0 },
			orient = { { 1, 0, 0 }, { 0, 1, 0 }, { 0, 0, 1 } }
		},
		audioprops =
		{
			attenuation = 0,
			pan = 0,
			dmin = 50,
			dmax = 300,
			ain = 360,
			aout = 360,
			atout = 0,
			rmix = 0,
		},
		userprops =
		{
			category = "Audio",
			Priority = "Steps_4",
		}
	},

	{
		entity_name = "sfx_fs_fr_hard03_7_copy_1",
		type = SOUND,
		template_name = "fs_fr_hard03",
		lt_grp = 0, srt_grp = 0, usr_flg = 0,
		spatialprops =
		{
			pos = { 0, 0, 0 },
			orient = { { 1, 0, 0 }, { 0, 1, 0 }, { 0, 0, 1 } }
		},
		audioprops =
		{
			attenuation = 0,
			pan = 0,
			dmin = 50,
			dmax = 300,
			ain = 360,
			aout = 360,
			atout = 0,
			rmix = 0,
		},
		userprops =
		{
			category = "Audio",
			Priority = "Steps_4",
		}
	},

	{
		entity_name = "sfx_fs_fr_hard04_8_copy_1",
		type = SOUND,
		template_name = "fs_fr_hard04",
		lt_grp = 0, srt_grp = 0, usr_flg = 0,
		spatialprops =
		{
			pos = { 0, 0, 0 },
			orient = { { 1, 0, 0 }, { 0, 1, 0 }, { 0, 0, 1 } }
		},
		audioprops =
		{
			attenuation = 0,
			pan = 0,
			dmin = 50,
			dmax = 300,
			ain = 360,
			aout = 360,
			atout = 0,
			rmix = 0,
		},
		userprops =
		{
			category = "Audio",
			Priority = "Steps_4",
		}
	},

	{
		entity_name = "sfx_fs_ml_hard01_1_copy_1",
		type = SOUND,
		template_name = "fs_ml_hard01",
		lt_grp = 0, srt_grp = 0, usr_flg = 0,
		spatialprops =
		{
			pos = { 0, 0, 0 },
			orient = { { 1, 0, 0 }, { 0, 1, 0 }, { 0, 0, 1 } }
		},
		audioprops =
		{
			attenuation = 0,
			pan = 0,
			dmin = 50,
			dmax = 300,
			ain = 360,
			aout = 360,
			atout = 0,
			rmix = 0,
		},
		userprops =
		{
			category = "Audio",
			Priority = "Steps_4",
		}
	},

	{
		entity_name = "sfx_fs_ml_hard02_2_copy_1",
		type = SOUND,
		template_name = "fs_ml_hard02",
		lt_grp = 0, srt_grp = 0, usr_flg = 0,
		spatialprops =
		{
			pos = { 0, 0, 0 },
			orient = { { 1, 0, 0 }, { 0, 1, 0 }, { 0, 0, 1 } }
		},
		audioprops =
		{
			attenuation = 0,
			pan = 0,
			dmin = 50,
			dmax = 300,
			ain = 360,
			aout = 360,
			atout = 0,
			rmix = 0,
		},
		userprops =
		{
			category = "Audio",
			Priority = "Steps_4",
		}
	},

	{
		entity_name = "sfx_fs_ml_hard03_3_copy_1",
		type = SOUND,
		template_name = "fs_ml_hard03",
		lt_grp = 0, srt_grp = 0, usr_flg = 0,
		spatialprops =
		{
			pos = { 0, 0, 0 },
			orient = { { 1, 0, 0 }, { 0, 1, 0 }, { 0, 0, 1 } }
		},
		audioprops =
		{
			attenuation = 0,
			pan = 0,
			dmin = 50,
			dmax = 300,
			ain = 360,
			aout = 360,
			atout = 0,
			rmix = 0,
		},
		userprops =
		{
			category = "Audio",
			Priority = "Steps_4",
		}
	},

	{
		entity_name = "sfx_fs_ml_hard04_4_copy_1",
		type = SOUND,
		template_name = "fs_ml_hard04",
		lt_grp = 0, srt_grp = 0, usr_flg = 0,
		spatialprops =
		{
			pos = { 0, 0, 0 },
			orient = { { 1, 0, 0 }, { 0, 1, 0 }, { 0, 0, 1 } }
		},
		audioprops =
		{
			attenuation = 0,
			pan = 0,
			dmin = 50,
			dmax = 300,
			ain = 360,
			aout = 360,
			atout = 0,
			rmix = 0,
		},
		userprops =
		{
			category = "Audio",
			Priority = "Steps_4",
		}
	},

	{
		entity_name = "sfx_fs_mr_hard01_5_copy_1",
		type = SOUND,
		template_name = "fs_mr_hard01",
		lt_grp = 0, srt_grp = 0, usr_flg = 0,
		spatialprops =
		{
			pos = { 0, 0, 0 },
			orient = { { 1, 0, 0 }, { 0, 1, 0 }, { 0, 0, 1 } }
		},
		audioprops =
		{
			attenuation = 0,
			pan = 0,
			dmin = 50,
			dmax = 300,
			ain = 360,
			aout = 360,
			atout = 0,
			rmix = 0,
		},
		userprops =
		{
			category = "Audio",
			Priority = "Steps_4",
		}
	},

	{
		entity_name = "sfx_fs_mr_hard02_6_copy_1",
		type = SOUND,
		template_name = "fs_mr_hard02",
		lt_grp = 0, srt_grp = 0, usr_flg = 0,
		spatialprops =
		{
			pos = { 0, 0, 0 },
			orient = { { 1, 0, 0 }, { 0, 1, 0 }, { 0, 0, 1 } }
		},
		audioprops =
		{
			attenuation = 0,
			pan = 0,
			dmin = 50,
			dmax = 300,
			ain = 360,
			aout = 360,
			atout = 0,
			rmix = 0,
		},
		userprops =
		{
			category = "Audio",
			Priority = "Steps_4",
		}
	},

	{
		entity_name = "sfx_fs_mr_hard03_7_copy_1",
		type = SOUND,
		template_name = "fs_mr_hard03",
		lt_grp = 0, srt_grp = 0, usr_flg = 0,
		spatialprops =
		{
			pos = { 0, 0, 0 },
			orient = { { 1, 0, 0 }, { 0, 1, 0 }, { 0, 0, 1 } }
		},
		audioprops =
		{
			attenuation = 0,
			pan = 0,
			dmin = 50,
			dmax = 300,
			ain = 360,
			aout = 360,
			atout = 0,
			rmix = 0,
		},
		userprops =
		{
			category = "Audio",
			Priority = "Steps_4",
		}
	},

	{
		entity_name = "sfx_fs_mr_hard04_8_copy_1",
		type = SOUND,
		template_name = "fs_mr_hard04",
		lt_grp = 0, srt_grp = 0, usr_flg = 0,
		spatialprops =
		{
			pos = { 0, 0, 0 },
			orient = { { 1, 0, 0 }, { 0, 1, 0 }, { 0, 0, 1 } }
		},
		audioprops =
		{
			attenuation = 0,
			pan = 0,
			dmin = 50,
			dmax = 300,
			ain = 360,
			aout = 360,
			atout = 0,
			rmix = 0,
		},
		userprops =
		{
			category = "Audio",
			Priority = "Steps_4",
		}
	},

	{
		entity_name = "snd_backgroundambient_copy_1",
		type = SOUND,
		template_name = "backgroundambient",
		lt_grp = 0, srt_grp = 0, usr_flg = 0,
		spatialprops =
		{
			pos = { 0, 0, 0 },
			orient = { { 1, 0, 0 }, { 0, 1, 0 }, { 0, 0, 1 } }
		},
		audioprops =
		{
			attenuation = 0,
			pan = 0,
			dmin = 50,
			dmax = 300,
			ain = 360,
			aout = 360,
			atout = 0,
			rmix = 0,
		},
		userprops =
		{
			category = "Audio",
		}
	},

	{
		entity_name = "snd_backgroundmusic_copy_1",
		type = SOUND,
		template_name = "backgroundmusic",
		lt_grp = 0, srt_grp = 0, usr_flg = 0,
		spatialprops =
		{
			pos = { 0, 0, 0 },
			orient = { { 1, 0, 0 }, { 0, 1, 0 }, { 0, 0, 1 } }
		},
		audioprops =
		{
			attenuation = 0,
			pan = 0,
			dmin = 50,
			dmax = 300,
			ain = 360,
			aout = 360,
			atout = 0,
			rmix = 0,
		},
		userprops =
		{
			category = "Audio",
		}
	},

	{
		entity_name = "Char_Tr_Mk_IKhead_diplo",
		type = MARKER,
		template_name = "",
		lt_grp = 0, srt_grp = 0, usr_flg = 0,
		spatialprops =
		{
			pos = { -4.39171, 1.609144, 5.677784 },
			orient = { { -0.690248,  0.000000,  0.723573 },
					   {  0.000000,  1.000000,  0.000000 },
					   { -0.723573,  0.000000, -0.690248 } }
		}
	},

	{
		entity_name = "Char_Tr_Mk_IKtorso_diplo",
		type = MARKER,
		template_name = "",
		lt_grp = 0, srt_grp = 0, usr_flg = 0,
		spatialprops =
		{
			pos = { -3.869548, 1.425152, 5.61605 },
			orient = { { -0.690248,  0.000000,  0.723573 },
					   {  0.000000,  1.000000,  0.000000 },
					   { -0.723573,  0.000000, -0.690248 } }
		}
	},

	{
		entity_name = "Char_Tr_Mk_IKhead_sheepish",
		type = MARKER,
		template_name = "",
		lt_grp = 0, srt_grp = 0, usr_flg = 0,
		spatialprops =
		{
			pos = { -3.382754, 1.517312, 6.565807 },
			orient = { { -0.954756,  0.045242,  0.293930 },
					   {  0.054835,  0.998195,  0.024476 },
					   { -0.292292,  0.039486, -0.955514 } }
		}
	},

	{
		entity_name = "sfx_fstop_female01_1",
		type = SOUND,
		template_name = "sfx_fstop_female01",
		lt_grp = 0, srt_grp = 0, usr_flg = 0,
		spatialprops =
		{
			pos = { 0, 0, 0 },
			orient = { { 1, 0, 0 }, { 0, 1, 0 }, { 0, 0, 1 } }
		},
		audioprops =
		{
			attenuation = -10,
			pan = 0,
			dmin = 50,
			dmax = 300,
			ain = 360,
			aout = 360,
			atout = 0,
			rmix = 0,
		},
		userprops =
		{
			category = "Audio",
			Priority = "Steps_4",
		}
	},

	{
		entity_name = "sfx_fstop_male03_2",
		type = SOUND,
		template_name = "sfx_fstop_male03",
		lt_grp = 0, srt_grp = 0, usr_flg = 0,
		spatialprops =
		{
			pos = { 0, 0, 0 },
			orient = { { 1, 0, 0 }, { 0, 1, 0 }, { 0, 0, 1 } }
		},
		audioprops =
		{
			attenuation = -12,
			pan = 0,
			dmin = 50,
			dmax = 300,
			ain = 360,
			aout = 360,
			atout = 0,
			rmix = 0,
		},
		userprops =
		{
			category = "Audio",
			Priority = "Steps_4",
		}
	},

	{
		entity_name = "sfx_fturn_male02_3",
		type = SOUND,
		template_name = "sfx_fturn_male02",
		lt_grp = 0, srt_grp = 0, usr_flg = 0,
		spatialprops =
		{
			pos = { 0, 0, 0 },
			orient = { { 1, 0, 0 }, { 0, 1, 0 }, { 0, 0, 1 } }
		},
		audioprops =
		{
			attenuation = -12,
			pan = 0,
			dmin = 50,
			dmax = 300,
			ain = 360,
			aout = 360,
			atout = 0,
			rmix = 0,
		},
		userprops =
		{
			category = "Audio",
			Priority = "Steps_4",
		}
	},

	{
		entity_name = "Char_Juni_Mk_loc_02_20sec",
		type = MARKER,
		template_name = "",
		lt_grp = 0, srt_grp = 0, usr_flg = 0,
		spatialprops =
		{
			pos = { -4.037037, 0.554, 6.96716 },
			orient = { {  0.999920,  0.000000, -0.012669 },
					   {  0.000000,  1.000000,  0.000000 },
					   {  0.012669,  0.000000,  0.999920 } }
		}
	},

	{
		entity_name = "Char_li_dip_Mk_IKhead_Juni_01",
		type = MARKER,
		template_name = "",
		lt_grp = 0, srt_grp = 0, usr_flg = 0,
		spatialprops =
		{
			pos = { -3.905401, 1.159555, 6.463421 },
			orient = { { -0.954756,  0.045242,  0.293930 },
					   {  0.054835,  0.998195,  0.024476 },
					   { -0.292292,  0.039486, -0.955514 } }
		}
	},

	{
		entity_name = "Char_li_dip_Mk_IKhead_Trent",
		type = MARKER,
		template_name = "",
		lt_grp = 0, srt_grp = 0, usr_flg = 0,
		spatialprops =
		{
			pos = { -3.666991, 1.50939, 5.129004 },
			orient = { { -0.954756,  0.045242,  0.293930 },
					   {  0.054835,  0.998195,  0.024476 },
					   { -0.292292,  0.039486, -0.955514 } }
		}
	},

	{
		entity_name = "Char_li_dip_Mk_IKhead_Juni_02",
		type = MARKER,
		template_name = "",
		lt_grp = 0, srt_grp = 0, usr_flg = 0,
		spatialprops =
		{
			pos = { -3.796439, 1.368805, 6.575883 },
			orient = { { -0.954756,  0.045242,  0.293930 },
					   {  0.054835,  0.998195,  0.024476 },
					   { -0.292292,  0.039486, -0.955514 } }
		}
	},

	{
		entity_name = "Char_Juni_Mk_IKhead_li_dip_01",
		type = MARKER,
		template_name = "",
		lt_grp = 0, srt_grp = 0, usr_flg = 0,
		spatialprops =
		{
			pos = { -4.510157, 1.289495, 5.891945 },
			orient = { {  0.935529,  0.326890, -0.133896 },
					   { -0.298040,  0.933886,  0.197560 },
					   {  0.189624, -0.144916,  0.971103 } }
		}
	},

	{
		entity_name = "Char_Juni_Mk_IKhead",
		type = MARKER,
		template_name = "",
		lt_grp = 0, srt_grp = 0, usr_flg = 0,
		spatialprops =
		{
			pos = { -4.510157, 1.289495, 5.891945 },
			orient = { {  0.935529,  0.326890, -0.133896 },
					   { -0.298040,  0.933886,  0.197560 },
					   {  0.189624, -0.144916,  0.971103 } }
		}
	},

	{
		entity_name = "Char_Juni_Mk_loc_03_45sec",
		type = MARKER,
		template_name = "",
		lt_grp = 0, srt_grp = 0, usr_flg = 0,
		spatialprops =
		{
			pos = { -4.033332, 0.553675, 6.961213 },
			orient = { {  0.998371,  0.000000, -0.057057 },
					   {  0.000000,  1.000000,  0.000000 },
					   {  0.057057,  0.000000,  0.998371 } }
		}
	},

	{
		entity_name = "Mk_offscreen_location",
		type = MARKER,
		template_name = "",
		lt_grp = 0, srt_grp = 0, usr_flg = 0,
		spatialprops =
		{
			pos = { 52.49404, 1.171999, 1.656957 },
			orient = { { 1, 0, 0 }, { 0, 1, 0 }, { 0, 0, 1 } }
		}
	},

	{
		entity_name = "Char_Juni_Mk_IKhead_li_dip_02",
		type = MARKER,
		template_name = "",
		lt_grp = 0, srt_grp = 0, usr_flg = 0,
		spatialprops =
		{
			pos = { -4.13822, 1.570614, 5.154982 },
			orient = { {  0.748686,  0.000000,  0.662925 },
					   {  0.019069,  0.999586, -0.021536 },
					   { -0.662651,  0.028765,  0.748376 } }
		}
	},

	{
		entity_name = "Char_Juni_Mk_IKhead_fwd",
		type = MARKER,
		template_name = "",
		lt_grp = 0, srt_grp = 0, usr_flg = 0,
		spatialprops =
		{
			pos = { -4.415141, 1.783684, 2.936136 },
			orient = { { -0.990661,  0.074789, -0.114010 },
					   {  0.075243,  0.997165,  0.000319 },
					   {  0.113710, -0.008263, -0.993480 } }
		}
	},

	{
		entity_name = "Char_Juni_Mk_IKhead_Trent_up_01",
		type = MARKER,
		template_name = "",
		lt_grp = 0, srt_grp = 0, usr_flg = 0,
		spatialprops =
		{
			pos = { -4.115873, 1.725898, 4.869256 },
			orient = { { -0.990661,  0.074789, -0.114010 },
					   {  0.075243,  0.997165,  0.000319 },
					   {  0.113710, -0.008263, -0.993480 } }
		}
	},

	{
		entity_name = "Char_Tr_Mk_loc_01",
		type = MARKER,
		template_name = "",
		lt_grp = 0, srt_grp = 0, usr_flg = 0,
		spatialprops =
		{
			pos = { -3.655249, 0.965016, 3.132462 },
			orient = { { -0.992644,  0.000000, -0.121070 },
					   {  0.000000,  1.000000,  0.000000 },
					   {  0.121070,  0.000000, -0.992644 } }
		}
	},

	{
		entity_name = "Char_Tr_Mk_loc_49sec",
		type = MARKER,
		template_name = "",
		lt_grp = 0, srt_grp = 0, usr_flg = 0,
		spatialprops =
		{
			pos = { -3.921429, 0.972919, 4.895063 },
			orient = { { -0.999612,  0.000000,  0.027859 },
					   {  0.000000,  1.000000,  0.000000 },
					   { -0.027859,  0.000000, -0.999612 } }
		}
	},

	{
		entity_name = "Char_Tr_Mk_IKhead",
		type = MARKER,
		template_name = "",
		lt_grp = 0, srt_grp = 0, usr_flg = 0,
		spatialprops =
		{
			pos = { -4.455348, 1.417289, 6.012249 },
			orient = { { -0.690248,  0.000000,  0.723573 },
					   {  0.000000,  1.000000,  0.000000 },
					   { -0.723573,  0.000000, -0.690248 } }
		}
	},

	{
		entity_name = "Char_Tr_Mk_IKhead_Juni",
		type = MARKER,
		template_name = "",
		lt_grp = 0, srt_grp = 0, usr_flg = 0,
		spatialprops =
		{
			pos = { -4.028732, 1.486971, 6.926299 },
			orient = { { -0.690248,  0.000000,  0.723573 },
					   {  0.000000,  1.000000,  0.000000 },
					   { -0.723573,  0.000000, -0.690248 } }
		}
	},

	{
		entity_name = "Char_Tr_Mk_IKhead_proud",
		type = MARKER,
		template_name = "",
		lt_grp = 0, srt_grp = 0, usr_flg = 0,
		spatialprops =
		{
			pos = { -4.028732, 2.062649, 6.926299 },
			orient = { { -0.690248,  0.000000,  0.723573 },
					   {  0.000000,  1.000000,  0.000000 },
					   { -0.723573,  0.000000, -0.690248 } }
		}
	},

	{
		entity_name = "Char_Tr_Mk_loc_43sec",
		type = MARKER,
		template_name = "",
		lt_grp = 0, srt_grp = 0, usr_flg = 0,
		spatialprops =
		{
			pos = { -4.034274, 0.956957, 4.878204 },
			orient = { { -0.985547,  0.000000,  0.169405 },
					   {  0.000000,  1.000000,  0.000000 },
					   { -0.169405,  0.000000, -0.985547 } }
		}
	},

	{
		entity_name = "Char_Juni_Mk_IKeyes_Down",
		type = MARKER,
		template_name = "",
		lt_grp = 0, srt_grp = 0, usr_flg = 0,
		spatialprops =
		{
			pos = { -4.216108, 0.959241, 4.708375 },
			orient = { {  0.987962,  0.000000,  0.154695 },
					   {  0.000000,  1.000000,  0.000000 },
					   { -0.154695,  0.000000,  0.987962 } }
		}
	},

	{
		entity_name = "Char_li_dip_Mk_IKeyes",
		type = MARKER,
		template_name = "",
		lt_grp = 0, srt_grp = 0, usr_flg = 0,
		spatialprops =
		{
			pos = { -3.423105, 1.13882, 5.978777 },
			orient = { { -0.954756,  0.045242,  0.293930 },
					   {  0.054835,  0.998195,  0.024476 },
					   { -0.292292,  0.039486, -0.955514 } }
		}
	},

	{
		entity_name = "Char_li_dip_Mk_IKeyes_lamp",
		type = MARKER,
		template_name = "",
		lt_grp = 0, srt_grp = 0, usr_flg = 0,
		spatialprops =
		{
			pos = { -3.633716, 1.005637, 5.986226 },
			orient = { { -0.954756,  0.045242,  0.293930 },
					   {  0.054835,  0.998195,  0.024476 },
