duration = 25.156;

entities =
{

	{
		entity_name = "Layer_Scene_s009c",
		type = SCENE,
		template_name = "",
		lt_grp = 0, srt_grp = 0, usr_flg = 0,
		spatialprops =
		{
			pos = { 0, 0, 0 },
			orient = { { 1, 0, 0 }, { 0, 1, 0 }, { 0, 0, 1 } }
		},
		up = Y_AXIS,
		front = Z_AXIS,
		ambient = { 128, 128, 128 }
	},

	{
		entity_name = "Cam_Monitor_s009c",
		type = MONITOR,
		template_name = "",
		lt_grp = 0, srt_grp = 0, usr_flg = 0,
		userprops =
		{
			Priority = "Monitor_Moving_1",
		}
	},

	{
		entity_name = "Char_king",
		type = DEFORMABLE,
		template_name = "king",
		lt_grp = 2, srt_grp = 0, usr_flg = 0,
		flags = LIT_DYNAMIC,
		spatialprops =
		{
			pos = { -2.305412, 0, 0.640828 },
			orient = { { -0.767714,  0.000000, -0.640792 },
					   {  0.000000,  1.000000,  0.000000 },
					   {  0.640792,  0.000000, -0.767714 } }
		},
		compoundprops =
		{
			floor_height = 0
		},
		userprops =
		{
			actor = "King",
			category = "Character",
		}
	},

	{
		entity_name = "Char_Trent",
		type = DEFORMABLE,
		template_name = "trent",
		lt_grp = 1, srt_grp = 0, usr_flg = 0,
		flags = LIT_DYNAMIC,
		spatialprops =
		{
			pos = { -3.078522, 0, 1.803097 },
			orient = { {  0.901509,  0.000000,  0.432760 },
					   {  0.000000,  1.000000,  0.000000 },
					   { -0.432760,  0.000000,  0.901509 } }
		},
		compoundprops =
		{
			floor_height = 0
		},
		userprops =
		{
			actor = "Player",
			category = "Character",
		}
	},

	{
		entity_name = "Char_Juni",
		type = DEFORMABLE,
		template_name = "juni",
		lt_grp = 1, srt_grp = 0, usr_flg = 0,
		flags = LIT_DYNAMIC,
		spatialprops =
		{
			pos = { -3.292991, 0, 1.158488 },
			orient = { { -0.594936,  0.000000,  0.803773 },
					   {  0.000000,  1.000000,  0.000000 },
					   { -0.803773,  0.000000, -0.594936 } }
		},
		compoundprops =
		{
			floor_height = 0
		},
		userprops =
		{
			actor = "Juni",
			category = "Character",
		}
	},

	{
		entity_name = "Cam_05_Wide_Dolly_juni_1",
		type = CAMERA,
		template_name = "",
		lt_grp = 0, srt_grp = 0, usr_flg = 0,
		flags = HIDDEN,
		spatialprops =
		{
			pos = { -0.452616, 1.773589, 2.349526 },
			orient = { {  0.421683,  0.000000, -0.906743 },
					   { -0.143362,  0.987422, -0.066671 },
					   {  0.895338,  0.158107,  0.416379 } }
		},
		cameraprops =
		{
			fovh = 20,
			hvaspect = 1.85,
			nearplane = 0.4,
			farplane = 4000
		}
	},

	{
		entity_name = "Cam_01_OTS_Static_Trent",
		type = CAMERA,
		template_name = "",
		lt_grp = 0, srt_grp = 0, usr_flg = 0,
		flags = HIDDEN,
		spatialprops =
		{
			pos = { -1.021838, 1.791926, 0.653476 },
			orient = { { -0.274818,  0.000000, -0.961496 },
					   { -0.166216,  0.984944,  0.047508 },
					   {  0.947020,  0.172872, -0.270681 } }
		},
		cameraprops =
		{
			fovh = 20,
			hvaspect = 1.85,
			nearplane = 0.4,
			farplane = 4000
		}
	},

	{
		entity_name = "Mrk_Juni",
		type = MARKER,
		template_name = "",
		lt_grp = 0, srt_grp = 0, usr_flg = 0,
		spatialprops =
		{
			pos = { -3.292991, 0, 1.158488 },
			orient = { { -0.594936,  0.000000,  0.803773 },
					   {  0.000000,  1.000000,  0.000000 },
					   { -0.803773,  0.000000, -0.594936 } }
		}
	},

	{
		entity_name = "Mrk_King",
		type = MARKER,
		template_name = "",
		lt_grp = 0, srt_grp = 0, usr_flg = 0,
		spatialprops =
		{
			pos = { -2.305412, 0, 0.640828 },
			orient = { { -0.767714,  0.000000, -0.640792 },
					   {  0.000000,  1.000000,  0.000000 },
					   {  0.640792,  0.000000, -0.767714 } }
		}
	},

	{
		entity_name = "Mrk_Trent",
		type = MARKER,
		template_name = "",
		lt_grp = 0, srt_grp = 0, usr_flg = 0,
		spatialprops =
		{
			pos = { -3.078522, 0, 1.803097 },
			orient = { {  0.901509,  0.000000,  0.432760 },
					   {  0.000000,  1.000000,  0.000000 },
					   { -0.432760,  0.000000,  0.901509 } }
		}
	},

	{
		entity_name = "Cam_02_OTS_King",
		type = CAMERA,
		template_name = "",
		lt_grp = 0, srt_grp = 0, usr_flg = 0,
		flags = HIDDEN,
		spatialprops =
		{
			pos = { -3.008389, 1.767173, 2.503498 },
			orient = { {  0.979147,  0.000000,  0.203151 },
					   {  0.032664,  0.986989, -0.157432 },
					   { -0.200508,  0.160785,  0.966408 } }
		},
		cameraprops =
		{
			fovh = 20,
			hvaspect = 1.85,
			nearplane = 0.4,
			farplane = 4000
		}
	},

	{
		entity_name = "Cam_05_Wide_Dolly_juni_2",
		type = CAMERA,
		template_name = "",
		lt_grp = 0, srt_grp = 0, usr_flg = 0,
		flags = HIDDEN,
		spatialprops =
		{
			pos = { -3.095046, 1.699292, 3.539056 },
			orient = { {  0.998307, -0.012625,  0.056777 },
					   {  0.020604,  0.989621, -0.142218 },
					   { -0.054392,  0.143147,  0.988206 } }
		},
		cameraprops =
		{
			fovh = 20,
			hvaspect = 1.85,
			nearplane = 0.4,
			farplane = 4000
		}
	},

	{
		entity_name = "Mrk_Juni_Shot_E",
		type = MARKER,
		template_name = "",
		lt_grp = 0, srt_grp = 0, usr_flg = 0,
		spatialprops =
		{
			pos = { -3.399046, 0, 1.323793 },
			orient = { { -0.841672,  0.000000, -0.539989 },
					   {  0.000000,  1.000000,  0.000000 },
					   {  0.539989,  0.000000, -0.841672 } }
		}
	},

	{
		entity_name = "Z_dx_s009c_0101_Trent_1",
		type = SOUND,
		template_name = "dx_s009c_0101_Trent",
		lt_grp = 0, srt_grp = 0, usr_flg = 0,
		spatialprops =
		{
			pos = { 0, 0, 0 },
			orient = { { 1, 0, 0 }, { 0, 1, 0 }, { 0, 0, 1 } }
		},
		audioprops =
		{
			attenuation = -3,
			pan = 0,
			dmin = 50,
			dmax = 1000,
			ain = 360,
			aout = 360,
			atout = 0,
			rmix = 0,
		},
		userprops =
		{
			category = "Audio",
		}
	},

	{
		entity_name = "Z_dx_s009c_0201_King_2",
		type = SOUND,
		template_name = "dx_s009c_0201_King",
		lt_grp = 0, srt_grp = 0, usr_flg = 0,
		spatialprops =
		{
			pos = { 0, 0, 0 },
			orient = { { 1, 0, 0 }, { 0, 1, 0 }, { 0, 0, 1 } }
		},
		audioprops =
		{
			attenuation = -3,
			pan = 0,
			dmin = 50,
			dmax = 1000,
			ain = 360,
			aout = 360,
			atout = 0,
			rmix = 0,
		},
		userprops =
		{
			category = "Audio",
		}
	},

	{
		entity_name = "Z_dx_s009c_0301_juni_3",
		type = SOUND,
		template_name = "dx_s009c_0301_juni",
		lt_grp = 0, srt_grp = 0, usr_flg = 0,
		spatialprops =
		{
			pos = { 0, 0, 0 },
			orient = { { 1, 0, 0 }, { 0, 1, 0 }, { 0, 0, 1 } }
		},
		audioprops =
		{
			attenuation = -3,
			pan = 0,
			dmin = 50,
			dmax = 1000,
			ain = 360,
			aout = 360,
			atout = 0,
			rmix = 0,
		},
		userprops =
		{
			category = "Audio",
		}
	},

	{
		entity_name = "Z_dx_s009c_0401_King_4",
		type = SOUND,
		template_name = "dx_s009c_0401_King",
		lt_grp = 0, srt_grp = 0, usr_flg = 0,
		spatialprops =
		{
			pos = { 0, 0, 0 },
			orient = { { 1, 0, 0 }, { 0, 1, 0 }, { 0, 0, 1 } }
		},
		audioprops =
		{
			attenuation = -3,
			pan = 0,
			dmin = 50,
			dmax = 1000,
			ain = 360,
			aout = 360,
			atout = 0,
			rmix = 0,
		},
		userprops =
		{
			category = "Audio",
		}
	},

	{
		entity_name = "Z_dx_s009c_0501_juni_5",
		type = SOUND,
		template_name = "dx_s009c_0501_juni",
		lt_grp = 0, srt_grp = 0, usr_flg = 0,
		spatialprops =
		{
			pos = { 0, 0, 0 },
			orient = { { 1, 0, 0 }, { 0, 1, 0 }, { 0, 0, 1 } }
		},
		audioprops =
		{
			attenuation = -3,
			pan = 0,
			dmin = 50,
			dmax = 1000,
			ain = 360,
			aout = 360,
			atout = 0,
			rmix = 0,
		},
		userprops =
		{
			category = "Audio",
		}
	},

	{
		entity_name = "Z_dx_s009c_0502_juni_6",
		type = SOUND,
		template_name = "dx_s009c_0502_juni",
		lt_grp = 0, srt_grp = 0, usr_flg = 0,
		spatialprops =
		{
			pos = { 0, 0, 0 },
			orient = { { 1, 0, 0 }, { 0, 1, 0 }, { 0, 0, 1 } }
		},
		audioprops =
		{
			attenuation = -3,
			pan = 0,
			dmin = 50,
			dmax = 1000,
			ain = 360,
			aout = 360,
			atout = 0,
			rmix = 0,
		},
		userprops =
		{
			category = "Audio",
		}
	},

	{
		entity_name = "Z_dx_s009c_0503_juni_7",
		type = SOUND,
		template_name = "dx_s009c_0503_juni",
		lt_grp = 0, srt_grp = 0, usr_flg = 0,
		spatialprops =
		{
			pos = { 0, 0, 0 },
			orient = { { 1, 0, 0 }, { 0, 1, 0 }, { 0, 0, 1 } }
		},
		audioprops =
		{
			attenuation = -3,
			pan = 0,
			dmin = 50,
			dmax = 1000,
			ain = 360,
			aout = 360,
			atout = 0,
			rmix = 0,
		},
		userprops =
		{
			category = "Audio",
		}
	},

	{
		entity_name = "Z_dx_s009c_0601_King_8",
		type = SOUND,
		template_name = "dx_s009c_0601_King",
		lt_grp = 0, srt_grp = 0, usr_flg = 0,
		spatialprops =
		{
			pos = { 0, 0, 0 },
			orient = { { 1, 0, 0 }, { 0, 1, 0 }, { 0, 0, 1 } }
		},
		audioprops =
		{
			attenuation = -3,
			pan = 0,
			dmin = 50,
			dmax = 1000,
			ain = 360,
			aout = 360,
			atout = 0,
			rmix = 0,
		},
		userprops =
		{
			category = "Audio",
		}
	},

	{
		entity_name = "Z_dx_s009c_0701_juni_9",
		type = SOUND,
		template_name = "dx_s009c_0701_juni",
		lt_grp = 0, srt_grp = 0, usr_flg = 0,
		spatialprops =
		{
			pos = { 0, 0, 0 },
			orient = { { 1, 0, 0 }, { 0, 1, 0 }, { 0, 0, 1 } }
		},
		audioprops =
		{
			attenuation = -3,
			pan = 0,
			dmin = 50,
			dmax = 1000,
			ain = 360,
			aout = 360,
			atout = 0,
			rmix = 0,
		},
		userprops =
		{
			category = "Audio",
		}
	},

	{
		entity_name = "Z_dx_s009c_0702_juni_10",
		type = SOUND,
		template_name = "dx_s009c_0702_juni",
		lt_grp = 0, srt_grp = 0, usr_flg = 0,
		spatialprops =
		{
			pos = { 0, 0, 0 },
			orient = { { 1, 0, 0 }, { 0, 1, 0 }, { 0, 0, 1 } }
		},
		audioprops =
		{
			attenuation = -3,
			pan = 0,
			dmin = 50,
			dmax = 1000,
			ain = 360,
			aout = 360,
			atout = 0,
			rmix = 0,
		},
		userprops =
		{
			category = "Audio",
		}
	},

	{
		entity_name = "Mrk_Trent_Backup",
		type = MARKER,
		template_name = "",
		lt_grp = 0, srt_grp = 0, usr_flg = 0,
		spatialprops =
		{
			pos = { -2.93519, 0.96457, 1.787285 },
			orient = { {  0.045402,  0.000000,  0.998969 },
					   {  0.000000,  1.000000,  0.000000 },
					   { -0.998969,  0.000000,  0.045402 } }
		}
	},

	{
		entity_name = "Mrk_Trent_Look_ShakeHead",
		type = MARKER,
		template_name = "",
		lt_grp = 0, srt_grp = 0, usr_flg = 0,
		spatialprops =
		{
			pos = { -2.887373, 1.418886, 1.013574 },
			orient = { { -0.594936,  0.000000,  0.803773 },
					   {  0.000000,  1.000000,  0.000000 },
					   { -0.803773,  0.000000, -0.594936 } }
		}
	},

	{
		entity_name = "Mrk_Trent_Look_ShakeHead_2",
		type = MARKER,
		template_name = "",
		lt_grp = 0, srt_grp = 0, usr_flg = 0,
		spatialprops =
		{
			pos = { -2.516635, 1.418886, 1.287987 },
			orient = { { -0.594936,  0.000000,  0.803773 },
					   {  0.000000,  1.000000,  0.000000 },
					   { -0.803773,  0.000000, -0.594936 } }
		}
	},

	{
		entity_name = "Mrk_Juni_look_Trent",
		type = MARKER,
		template_name = "",
		lt_grp = 0, srt_grp = 0, usr_flg = 0,
		spatialprops =
		{
			pos = { -3.166141, 1.75827, 1.761037 },
			orient = { {  0.901509,  0.000000,  0.432760 },
					   {  0.000000,  1.000000,  0.000000 },
					   { -0.432760,  0.000000,  0.901509 } }
		}
	},

	{
		entity_name = "Mrk_Juni_Look_King",
		type = MARKER,
		template_name = "",
		lt_grp = 0, srt_grp = 0, usr_flg = 0,
		spatialprops =
		{
			pos = { -2.151669, 1.577391, 0.801467 },
			orient = { { -0.767714,  0.000000, -0.640792 },
					   {  0.000000,  1.000000,  0.000000 },
					   {  0.640792,  0.000000, -0.767714 } }
		}
	},

	{
		entity_name = "Mrk_Juni_look_Trent_Leaving",
		type = MARKER,
		template_name = "",
		lt_grp = 0, srt_grp = 0, usr_flg = 0,
		spatialprops =
		{
			pos = { -2.811656, 1.69803, 2.587532 },
			orient = { { -0.325326,  0.012742,  0.945516 },
					   {  0.004351,  0.999919, -0.011978 },
					   { -0.945592,  0.000217, -0.325355 } }
		}
	},

	{
		entity_name = "Mrk_Juni_look_Trent_Leaving_2",
		type = MARKER,
		template_name = "",
		lt_grp = 0, srt_grp = 0, usr_flg = 0,
		spatialprops =
		{
			pos = { -3.397434, 1.692659, 2.147441 },
			orient = { { -0.352591,  0.011544,  0.935706 },
					   {  0.004071,  0.999933, -0.010802 },
					   { -0.935769,  0.000000, -0.352614 } }
		}
	},

	{
		entity_name = "Mrk_Juni_Look_King_Nod",
		type = MARKER,
		template_name = "",
		lt_grp = 0, srt_grp = 0, usr_flg = 0,
		spatialprops =
		{
			pos = { -2.151669, 1.502811, 0.801467 },
			orient = { { -0.767714,  0.000000, -0.640792 },
					   {  0.000000,  1.000000,  0.000000 },
					   {  0.640792,  0.000000, -0.767714 } }
		}
	},

	{
		entity_name = "Mrk_Juni_Arm_Gesture",
		type = MARKER,
		template_name = "",
		lt_grp = 0, srt_grp = 0, usr_flg = 0,
		spatialprops =
		{
			pos = { -2.708228, 0.481002, 1.057897 },
			orient = { { -0.594936,  0.000000,  0.803773 },
					   {  0.000000,  1.000000,  0.000000 },
					   { -0.803773,  0.000000, -0.594936 } }
		}
	},

	{
		entity_name = "Mrk_Juni_Hand_Gesture",
		type = MARKER,
		template_name = "",
		lt_grp = 0, srt_grp = 0, usr_flg = 0,
		spatialprops =
		{
			pos = { -2.922673, 1.404199, 0.954294 },
			orient = { { -0.594936,  0.000000,  0.803773 },
					   {  0.000000,  1.000000,  0.000000 },
					   { -0.803773,  0.000000, -0.594936 } }
		}
	},

	{
		entity_name = "Mrk_Trent_For_King_look",
		type = MARKER,
		template_name = "",
		lt_grp = 0, srt_grp = 0, usr_flg = 0,
		spatialprops =
		{
			pos = { -3.078522, 1.516736, 1.803097 },
			orient = { {  0.901509,  0.000000,  0.432760 },
					   {  0.000000,  1.000000,  0.000000 },
					   { -0.432760,  0.000000,  0.901509 } }
		}
	},

	{
		entity_name = "Mrk_Trent_For_King_nod",
		type = MARKER,
		template_name = "",
		lt_grp = 0, srt_grp = 0, usr_flg = 0,
		spatialprops =
		{
			pos = { -3.078522, 1.772345, 1.803097 },
			orient = { {  0.901509,  0.000000,  0.432760 },
					   {  0.000000,  1.000000,  0.000000 },
					   { -0.432760,  0.000000,  0.901509 } }
		}
	},

	{
		entity_name = "Mrk_Trent_For_Trent_Leave",
		type = MARKER,
		template_name = "",
		lt_grp = 0, srt_grp = 0, usr_flg = 0,
		spatialprops =
		{
			pos = { -1.99698, 1.516736, 3.20238 },
			orient = { {  0.901509,  0.000000,  0.432760 },
					   {  0.000000,  1.000000,  0.000000 },
					   { -0.432760,  0.000000,  0.901509 } }
		}
	},

	{
		entity_name = "Mrk_Juni_For_Trent_Look",
		type = MARKER,
		template_name = "",
		lt_grp = 0, srt_grp = 0, usr_flg = 0,
		spatialprops =
		{
			pos = { -3.17161, 1.559099, 0.9945 },
			orient = { { -0.594936,  0.000000,  0.803773 },
					   {  0.000000,  1.000000,  0.000000 },
					   { -0.803773,  0.000000, -0.594936 } }
		}
	},

	{
		entity_name = "Mrk_Juni_For_Trent_Nod",
		type = MARKER,
		template_name = "",
		lt_grp = 0, srt_grp = 0, usr_flg = 0,
		spatialprops =
		{
			pos = { -3.17161, 1.496338, 0.9945 },
			orient = { { -0.594936,  0.000000,  0.803773 },
					   {  0.000000,  1.000000,  0.000000 },
					   { -0.803773,  0.000000, -0.594936 } }
		}
	},

	{
		entity_name = "Mrk_King_For_Trent_Look",
		type = MARKER,
		template_name = "",
		lt_grp = 0, srt_grp = 0, usr_flg = 0,
		spatialprops =
		{
			pos = { -2.343227, 1.577391, 0.641578 },
			orient = { { -0.767714,  0.000000, -0.640792 },
					   {  0.000000,  1.000000,  0.000000 },
					   {  0.640792,  0.000000, -0.767714 } }
		}
	},

	{
		entity_name = "Mrk_Juni_For_Trent_Look2",
		type = MARKER,
		template_name = "",
		lt_grp = 0, srt_grp = 0, usr_flg = 0,
		spatialprops =
		{
			pos = { -3.17161, 1.559099, 0.9945 },
			orient = { { -0.594936,  0.000000,  0.803773 },
					   {  0.000000,  1.000000,  0.000000 },
					   { -0.803773,  0.000000, -0.594936 } }
		}
	},

	{
		entity_name = "Mrk_King_Point_Juni",
		type = MARKER,
		template_name = "",
		lt_grp = 0, srt_grp = 0, usr_flg = 0,
		spatialprops =
		{
			pos = { -3.016915, 0.183335, 1.096121 },
			orient = { { -0.767714,  0.000000, -0.640792 },
					   {  0.000000,  1.000000,  0.000000 },
					   {  0.640792,  0.000000, -0.767714 } }
		}
	},

	{
		entity_name = "Mrk_King_Point_Juni_Hand",
		type = MARKER,
		template_name = "",
		lt_grp = 0, srt_grp = 0, usr_flg = 0,
		spatialprops =
		{
			pos = { -2.971851, 1.369001, 1.133736 },
			orient = { { -0.767714,  0.000000, -0.640792 },
					   {  0.000000,  1.000000,  0.000000 },
					   {  0.640792,  0.000000, -0.767714 } }
		}
	},

	{
		entity_name = "Cam_03_OTS_Wide_King_W_Juni",
		type = CAMERA,
		template_name = "",
		lt_grp = 0, srt_grp = 0, usr_flg = 0,
		flags = HIDDEN,
		spatialprops =
		{
			pos = { -1.189447, 1.575233, 2.634835 },
			orient = { {  0.746816,  0.000000, -0.665031 },
					   { -0.049007,  0.997281, -0.055034 },
					   {  0.663223,  0.073691,  0.744785 } }
		},
		cameraprops =
		{
			fovh = 20,
			hvaspect = 1.85,
			nearplane = 0.4,
			farplane = 4000
		}
	},

	{
		entity_name = "Mrk_Trent_For_Trent_Leave_2",
		type = MARKER,
		template_name = "",
		lt_grp = 0, srt_grp = 0, usr_flg = 0,
		spatialprops =
		{
			pos = { -1.508044, 1.516736, 3.705413 },
			orient = { {  0.901509,  0.000000,  0.432760 },
					   {  0.000000,  1.000000,  0.000000 },
					   { -0.432760,  0.000000,  0.901509 } }
		}
	},

	{
		entity_name = "Mrk_Juni_look_Trent_Leaving_Nod",
		type = MARKER,
		template_name = "",
		lt_grp = 0, srt_grp = 0, usr_flg = 0,
		spatialprops =
		{
			pos = { -3.398312, 1.476781, 2.149774 },
			orient = { { -0.352591,  0.011544,  0.935706 },
					   {  0.004071,  0.999933, -0.010802 },
					   { -0.935769,  0.000000, -0.352614 } }
		}
	},

	{
		entity_name = "Mrk_King_Gesture_Juni",
		type = MARKER,
		template_name = "",
		lt_grp = 0, srt_grp = 0, usr_flg = 0,
		spatialprops =
		{
			pos = { -2.619715, -0.636962, 0.825309 },
			orient = { { -0.767714,  0.000000, -0.640792 },
					   {  0.000000,  1.000000,  0.000000 },
					   {  0.640792,  0.000000, -0.767714 } }
		}
	},

	{
		entity_name = "Mrk_Trent_Wavehand",
		type = MARKER,
		template_name = "",
		lt_grp = 0, srt_grp = 0, usr_flg = 0,
		spatialprops =
		{
			pos = { -2.445409, 0, 1.295915 },
			orient = { {  0.901509,  0.000000,  0.432760 },
					   {  0.000000,  1.000000,  0.000000 },
					   { -0.432760,  0.000000,  0.901509 } }
		}
	},

	{
		entity_name = "Mrk_Trent_Wavehand_Hand",
		type = MARKER,
		template_name = "",
		lt_grp = 0, srt_grp = 0, usr_flg = 0,
		spatialprops =
		{
			pos = { -2.555547, 1.5137, 1.830222 },
			orient = { {  0.901509,  0.000000,  0.432760 },
					   {  0.000000,  1.000000,  0.000000 },
					   { -0.432760,  0.000000,  0.901509 } }
		}
	},

	{
		entity_name = "Mrk_Trent_Wavehand_Hand_2",
		type = MARKER,
		template_name = "",
		lt_grp = 0, srt_grp = 0, usr_flg = 0,
		spatialprops =
		{
			pos = { -2.6064, 1.5137, 1.805811 },
			orient = { {  0.901509,  0.000000,  0.432760 },
					   {  0.000000,  1.000000,  0.000000 },
					   { -0.432760,  0.000000,  0.901509 } }
		}
	},

	{
		entity_name = "Mrk_King_Point_Juni_Hand_Left",
		type = MARKER,
		template_name = "",
		lt_grp = 0, srt_grp = 0, usr_flg = 0,
		spatialprops =
		{
			pos = { -1.933677, 1.860494, 1.336346 },
			orient = { { -0.767714,  0.000000, -0.640792 },
					   {  0.000000,  1.000000,  0.000000 },
					   {  0.640792,  0.000000, -0.767714 } }
		}
	},

	{
		entity_name = "Mrk_King_Point_Juni_Left",
		type = MARKER,
		template_name = "",
		lt_grp = 0, srt_grp = 0, usr_flg = 0,
		spatialprops =
		{
			pos = { -2.431116, -4.169793, 1.955375 },
			orient = { { -0.767714,  0.000000, -0.640792 },
					   {  0.000000,  1.000000,  0.000000 },
					   {  0.640792,  0.000000, -0.767714 } }
		}
	},

	{
		entity_name = "Mrk_Kind_Shake_Head",
		type = MARKER,
		template_name = "",
		lt_grp = 0, srt_grp = 0, usr_flg = 0,
		spatialprops =
		{
			pos = { -2.454982, 1.502811, 0.972775 },
			orient = { { -0.767714,  0.000000, -0.640792 },
					   {  0.000000,  1.000000,  0.000000 },
					   {  0.640792,  0.000000, -0.767714 } }
		}
	},

	{
		entity_name = "Mrk_Kind_Shake_Head_2",
		type = MARKER,
		template_name = "",
		lt_grp = 0, srt_grp = 0, usr_flg = 0,
		spatialprops =
		{
			pos = { -2.524836, 1.502811, 0.91447 },
			orient = { { -0.767714,  0.000000, -0.640792 },
					   {  0.000000,  1.000000,  0.000000 },
					   {  0.640792,  0.000000, -0.767714 } }
		}
	},

	{
		entity_name = "Mrk_King_Torso_1",
		type = MARKER,
		template_name = "",
		lt_grp = 0, srt_grp = 0, usr_flg = 0,
		spatialprops =
		{
			pos = { -2.62833, 1.246974, 1.027705 },
			orient = { { -0.767714,  0.000000, -0.640792 },
					   {  0.000000,  1.000000,  0.000000 },
					   {  0.640792,  0.000000, -0.767714 } }
		}
	},

	{
		entity_name = "Mrk_King_Glass",
		type = MARKER,
		template_name = "",
		lt_grp = 0, srt_grp = 0, usr_flg = 0,
		spatialprops =
		{
			pos = { -2.748388, 1.169588, -0.154868 },
			orient = { {  0.797011,  0.022695, -0.603538 },
					   { -0.603965,  0.029949, -0.796448 },
					   {  0.000000,  0.999294,  0.037576 } }
		}
	},

	{
		entity_name = "Char_li_manhattan_bartender",
		type = DEFORMABLE,
		template_name = "li_manhattan_bartender",
		lt_grp = 2, srt_grp = 0, usr_flg = 0,
		flags = LIT_DYNAMIC,
		spatialprops =
		{
			pos = { -0.671552, 0, -1.526115 },
			orient = { { -0.995981,  0.000000,  0.089560 },
					   {  0.000000,  1.000000,  0.000000 },
					   { -0.089560,  0.000000, -0.995981 } }
		},
		compoundprops =
		{
			floor_height = 0
		},
		userprops =
		{
			actor = "bartender",
			category = "Character",
		}
	},

	{
		entity_name = "Char_Juni_Mrk_Look_King_2",
		type = MARKER,
		template_name = "",
		lt_grp = 0, srt_grp = 0, usr_flg = 0,
		spatialprops =
		{
			pos = { -2.151669, 1.729658, 0.801467 },
			orient = { { -0.767714,  0.000000, -0.640792 },
					   {  0.000000,  1.000000,  0.000000 },
					   {  0.640792,  0.000000, -0.767714 } }
		}
	},

	{
		entity_name = "MRk_King_Torso_For_Reaction",
		type = MARKER,
		template_name = "",
		lt_grp = 0, srt_grp = 0, usr_flg = 0,
		spatialprops =
		{
			pos = { -2.60106, 1.115045, 1.050465 },
			orient = { { -0.767714,  0.000000, -0.640792 },
					   {  0.000000,  1.000000,  0.000000 },
					   {  0.640792,  0.000000, -0.767714 } }
		}
	},

	{
		entity_name = "Mrk_King_Gesture_Arm_Surprise_Right",
		type = MARKER,
		template_name = "",
		lt_grp = 0, srt_grp = 0, usr_flg = 0,
		spatialprops =
		{
			pos = { -2.891831, -0.382806, 0.750076 },
			orient = { { -0.767714,  0.000000, -0.640792 },
					   {  0.000000,  1.000000,  0.000000 },
					   {  0.640792,  0.000000, -0.767714 } }
		}
	},

	{
		entity_name = "Mrk_King_Gesture_Hand_Surprise_Right",
		type = MARKER,
		template_name = "",
		lt_grp = 0, srt_grp = 0, usr_flg = 0,
		spatialprops =
		{
			pos = { -3.241616, -0.508556, 0.429005 },
			orient = { { -0.767714,  0.000000, -0.640792 },
					   {  0.000000,  1.000000,  0.000000 },
					   {  0.640792,  0.000000, -0.767714 } }
		}
	},

	{
		entity_name = "Mrk_King_Gesture_Arm_Surprise_Left",
		type = MARKER,
		template_name = "",
		lt_grp = 0, srt_grp = 0, usr_flg = 0,
		spatialprops =
		{
			pos = { -2.308413, -2.495533, 1.57738 },
			orient = { { -0.767714,  0.000000, -0.640792 },
					   {  0.000000,  1.000000,  0.000000 },
					   {  0.640792,  0.000000, -0.767714 } }
		}
	},

	{
		entity_name = "Mrk_King_Gesture_Hand_Surprise_Left",
		type = MARKER,
		template_name = "",
		lt_grp = 0, srt_grp = 0, usr_flg = 0,
		spatialprops =
		{
			pos = { -2.086929, 1.272578, 1.335824 },
			orient = { { -0.767714,  0.000000, -0.640792 },
					   {  0.000000,  1.000000,  0.000000 },
					   {  0.640792,  0.000000, -0.767714 } }
		}
	},

	{
		entity_name = "Mrk_BarTender",
		type = MARKER,
		template_name = "",
		lt_grp = 0, srt_grp = 0, usr_flg = 0,
		spatialprops =
		{
			pos = { -2.339861, 0.957204, -1.475282 },
			orient = { { -0.809881,  0.000000,  0.586594 },
					   {  0.000000,  1.000000,  0.000000 },
					   { -0.586594,  0.000000, -0.809881 } }
		}
	},

	{
		entity_name = "Char_King_Prop_glass_green",
		type = COMPOUND,
		template_name = "glass_green",
		lt_grp = 0, srt_grp = 0, usr_flg = 0,
		flags = LIT_DYNAMIC + LIT_AMBIENT,
		spatialprops =
		{
			pos = { 0, 0, 0 },
			orient = { { 1, 0, 0 }, { 0, 1, 0 }, { 0, 0, 1 } }
		},
		userprops =
		{
			category = "Prop",
		}
	},

	{
		entity_name = "Mrk_Juni_Eyes_Head",
		type = MARKER,
		template_name = "",
		lt_grp = 0, srt_grp = 0, usr_flg = 0,
		spatialprops =
		{
			pos = { 0, 0, 0 },
			orient = { { 1, 0, 0 }, { 0, 1, 0 }, { 0, 0, 1 } }
		}
	},

	{
		entity_name = "Mrk_Juni_Eyes_Center",
		type = MARKER,
		template_name = "",
		lt_grp = 0, srt_grp = 0, usr_flg = 0,
		spatialprops =
		{
			pos = { 0, 0, 0 },
			orient = { { 1, 0, 0 }, { 0, 1, 0 }, { 0, 0, 1 } }
		}
	},

	{
		entity_name = "Mrk_Juni_Eyes_Right",
		type = MARKER,
		template_name = "",
		lt_grp = 0, srt_grp = 0, usr_flg = 0,
		spatialprops =
		{
			pos = { 0, 0, 0 },
			orient = { { 1, 0, 0 }, { 0, 1, 0 }, { 0, 0, 1 } }
		}
	},

	{
		entity_name = "Mrk_Juni_Eyes_Left",
		type = MARKER,
		template_name = "",
		lt_grp = 0, srt_grp = 0, usr_flg = 0,
		spatialprops =
		{
			pos = { 0, 0, 0 },
			orient = { { 1, 0, 0 }, { 0, 1, 0 }, { 0, 0, 1 } }
		}
	},

	{
		entity_name = "Mrk_Juni_look_Trent_Leaving_KingL",
		type = MARKER,
		template_name = "",
		lt_grp = 0, srt_grp = 0, usr_flg = 0,
		spatialprops =
		{
			pos = { -3.995059, 1.69406, 2.05196 },
			orient = { { -0.352594,  0.011543,  0.935705 },
					   {  0.004070,  0.999933, -0.010802 },
					   { -0.935768,  0.000000, -0.352617 } }
		}
	},

	{
		entity_name = "Mrk_King_Torso_2",
		type = MARKER,
		template_name = "",
		lt_grp = 0, srt_grp = 0, usr_flg = 0,
		spatialprops =
		{
			pos = { -2.590066, 1.210073, 1.055448 },
			orient = { { -0.769648,  0.000000, -0.638468 },
					   {  0.000000,  1.000000,  0.000000 },
					   {  0.638468,  0.000000, -0.769648 } }
		}
	},

	{
		entity_name = "Mrk_King_Gesture_Arm_Surprise_Upper_Right",
		type = MARKER,
		template_name = "",
		lt_grp = 0, srt_grp = 0, usr_flg = 0,
		spatialprops =
		{
			pos = { -2.891831, -0.382806, 0.750076 },
			orient = { { -0.767714,  0.000000, -0.640792 },
					   {  0.000000,  1.000000,  0.000000 },
					   {  0.640792,  0.000000, -0.767714 } }
		}
	},

	{
		entity_name = "Mrk_King_Torso_2_Buffer",
		type = MARKER,
		template_name = "",
		lt_grp = 0, srt_grp = 0, usr_flg = 0,
		spatialprops =
		{
			pos = { -2.590066, 1.18303, 1.055448 },
			orient = { { -0.769648,  0.000000, -0.638468 },
					   {  0.000000,  1.000000,  0.000000 },
					   {  0.638468,  0.000000, -0.769648 } }
		}
	},

	{
		entity_name = "Mrk_King_Gesture_Arm_Surprise_Upper_Final",
		type = MARKER,
		template_name = "",
		lt_grp = 0, srt_grp = 0, usr_flg = 0,
		spatialprops =
		{
			pos = { -2.750331, -0.382806, 0.580549 },
			orient = { { -0.767714,  0.000000, -0.640792 },
					   {  0.000000,  1.000000,  0.000000 },
					   {  0.640792,  0.000000, -0.767714 } }
		}
	},

	{
		entity_name = "Mrk_King_Torso_3",
		type = MARKER,
		template_name = "",
		lt_grp = 0, srt_grp = 0, usr_flg = 0,
		spatialprops =
		{
			pos = { -2.423258, 1.210073, 1.193826 },
			orient = { { -0.769648,  0.000000, -0.638468 },
					   {  0.000000,  1.000000,  0.000000 },
					   {  0.638468,  0.000000, -0.769648 } }
		}
	},

	{
		entity_name = "Mrk_King_Torso_3_Buffer",
		type = MARKER,
		template_name = "",
		lt_grp = 0, srt_grp = 0, usr_flg = 0,
		spatialprops =
		{
			pos = { -2.423258, 1.188049, 1.193825 },
			orient = { { -0.769648,  0.000000, -0.638468 },
					   {  0.000000,  1.000000,  0.000000 },
					   {  0.638468,  0.000000, -0.769648 } }
		}
	},

	{
		entity_name = "Mrk_King_Gesture_Arm_Surprise_Left_2",
		type = MARKER,
		template_name = "",
		lt_grp = 0, srt_grp = 0, usr_flg = 0,
		spatialprops =
		{
			pos = { -2.308413, -2.495533, 1.57738 },
			orient = { { -0.767714,  0.000000, -0.640792 },
					   {  0.000000,  1.000000,  0.000000 },
					   {  0.640792,  0.000000, -0.767714 } }
		}
	},

	{
		entity_name = "Mrk_King_Gesture_Hand_Surprise_Left_2",
		type = MARKER,
		template_name = "",
		lt_grp = 0, srt_grp = 0, usr_flg = 0,
		spatialprops =
		{
			pos = { -2.086929, 1.272578, 1.335824 },
			orient = { { -0.767714,  0.000000, -0.640792 },
					   {  0.000000,  1.000000,  0.000000 },
					   {  0.640792,  0.000000, -0.767714 } }
		}
	},

	{
		entity_name = "Mrk_King_Gesture_Hand_Surprise_Left_Buffer",
		type = MARKER,
		template_name = "",
		lt_grp = 0, srt_grp = 0, usr_flg = 0,
		spatialprops =
		{
			pos = { -1.830395, 1.561976, 1.549947 },
			orient = { { -0.767714,  0.000000, -0.640792 },
					   {  0.000000,  1.000000,  0.000000 },
					   {  0.640792,  0.000000, -0.767714 } }
		}
	},

	{
		entity_name = "Mrk_King_Gesture_Hand_Surprise_Left_3",
		type = MARKER,
		template_name = "",
		lt_grp = 0, srt_grp = 0, usr_flg = 0,
		spatialprops =
		{
			pos = { -1.629083, 1.561976, 1.717977 },
			orient = { { -0.767714,  0.000000, -0.640792 },
					   {  0.000000,  1.000000,  0.000000 },
					   {  0.640792,  0.000000, -0.767714 } }
		}
	},

	{
		entity_name = "Marker_BT(REF)",
		type = MARKER,
		template_name = "",
		lt_grp = 0, srt_grp = 0, usr_flg = 0,
		spatialprops =
		{
			pos = { -0.671552, 0, -1.526115 },
			orient = { { -0.995981,  0.000000,  0.089560 },
					   {  0.000000,  1.000000,  0.000000 },
					   { -0.089560,  0.000000, -0.995981 } }
		}
	},

	{
		entity_name = "Char_Juni_Mrk_Look_Trent",
		type = MARKER,
		template_name = "",
		lt_grp = 0, srt_grp = 0, usr_flg = 0,
		spatialprops =
		{
			pos = { -2.841664, 1.729658, 1.911739 },
			orient = { { -0.767714,  0.000000, -0.640792 },
					   {  0.000000,  1.000000,  0.000000 },
					   {  0.640792,  0.000000, -0.767714 } }
		}
	},

	{
		entity_name = "Cam_04_OTS_Juni_2",
		type = CAMERA,
		template_name = "",
		lt_grp = 0, srt_grp = 0, usr_flg = 0,
		flags = HIDDEN,
		spatialprops =
		{
			pos = { -2.762692, 1.662217, 1.791418 },
			orient = { {  0.684559,  0.000000, -0.728958 },
					   { -0.085928,  0.993028, -0.080695 },
					   {  0.723875,  0.117879,  0.679786 } }
		},
		cameraprops =
		{
			fovh = 20,
			hvaspect = 1.85,
			nearplane = 0.4,
			farplane = 4000
		}
	},

	{
		entity_name = "Char_Juni_Mrk_look_Trent_Leaving",
		type = MARKER,
		template_name = "",
		lt_grp = 0, srt_grp = 0, usr_flg = 0,
		spatialprops =
		{
			pos = { -2.940852, 1.690616, 2.01672 },
			orient = { { -0.352591,  0.011543,  0.935706 },
					   {  0.004070,  0.999933, -0.010802 },
					   { -0.935769,  0.000000, -0.352615 } }
		}
	},

	{
		entity_name = "Char_Trent_sfx_fturn_male01",
		type = SOUND,
		template_name = "sfx_fturn_male01",
		lt_grp = 0, srt_grp = 0, usr_flg = 0,
		spatialprops =
		{
			pos = { 0, 0, 0 },
			orient = { { 1, 0, 0 }, { 0, 1, 0 }, { 0, 0, 1 } }
		},
		audioprops =
		{
			attenuation = -12,
			pan = -40,
			dmin = 50,
			dmax = 300,
			ain = 360,
			aout = 360,
			atout = 0,
			rmix = 0,
		},
		userprops =
		{
			category = "Audio",
			Priority = "Steps_4",
		}
	},

	{
		entity_name = "Char_Trent_fs_ml_hard01",
		type = SOUND,
		template_name = "fs_ml_hard01",
		lt_grp = 0, srt_grp = 0, usr_flg = 0,
		spatialprops =
		{
			pos = { 0, 0, 0 },
			orient = { { 1, 0, 0 }, { 0, 1, 0 }, { 0, 0, 1 } }
		},
		audioprops =
		{
			attenuation = -17,
			pan = -80,
			dmin = 50,
			dmax = 300,
			ain = 360,
			aout = 360,
			atout = 0,
			rmix = 0,
		},
		userprops =
		{
			category = "Audio",
			Priority = "Steps_4",
		}
	},

	{
		entity_name = "Char_Trent_fs_mr_hard01",
		type = SOUND,
		template_name = "fs_mr_hard01",
		lt_grp = 0, srt_grp = 0, usr_flg = 0,
		spatialprops =
		{
			pos = { 0, 0, 0 },
			orient = { { 1, 0, 0 }, { 0, 1, 0 }, { 0, 0, 1 } }
		},
		audioprops =
		{
			attenuation = -17,
			pan = -80,
			dmin = 50,
			dmax = 300,
			ain = 360,
			aout = 360,
			atout = 0,
			rmix = 0,
		},
		userprops =
		{
			category = "Audio",
			Priority = "Steps_4",
		}
	},

	{
		entity_name = "Char_Trent_fs_ml_hard02",
		type = SOUND,
		template_name = "fs_ml_hard02",
		lt_grp = 0, srt_grp = 0, usr_flg = 0,
		spatialprops =
		{
			pos = { 0, 0, 0 },
			orient = { { 1, 0, 0 }, { 0, 1, 0 }, { 0, 0, 1 } }
		},
		audioprops =
		{
			attenuation = -17,
			pan = -80,
			dmin = 50,
			dmax = 300,
			ain = 360,
			aout = 360,
			atout = 0,
			rmix = 0,
		},
		userprops =
		{
			category = "Audio",
			Priority = "Steps_4",
		}
	},

	{
		entity_name = "Char_Trent_fs_mr_hard02",
		type = SOUND,
		template_name = "fs_mr_hard02",
		lt_grp = 0, srt_grp = 0, usr_flg = 0,
		spatialprops =
		{
			pos = { 0, 0, 0 },
			orient = { { 1, 0, 0 }, { 0, 1, 0 }, { 0, 0, 1 } }
		},
		audioprops =
		{
			attenuation = -17,
			pan = -80,
			dmin = 50,
			dmax = 300,
			ain = 360,
			aout = 360,
			atout = 0,
			rmix = 0,
		},
		userprops =
		{
			category = "Audio",
			Priority = "Steps_4",
		}
	},

	{
		entity_name = "sfx_Backgroundmusic",
		type = SOUND,
		template_name = "backgroundmusic",
		lt_grp = 0, srt_grp = 0, usr_flg = 0,
		spatialprops =
		{
			pos = { 0, 0, 0 },
			orient = { { 1, 0, 0 }, { 0, 1, 0 }, { 0, 0, 1 } }
		},
		audioprops =
		{
			attenuation = 0,
			pan = 0,
			dmin = 50,
			dmax = 300,
			ain = 360,
			aout = 360,
			atout = 0,
			rmix = 0,
		},
		userprops =
		{
			category = "Audio",
		}
	},

	{
		entity_name = "sfx_Backgroundambient",
		type = SOUND,
		template_name = "backgroundambient",
		lt_grp = 0, srt_grp = 0, usr_flg = 0,
		spatialprops =
		{
			pos = { 0, 0, 0 },
			orient = { { 1, 0, 0 }, { 0, 1, 0 }, { 0, 0, 1 } }
		},
		audioprops =
		{
			attenuation = 0,
			pan = 0,
			dmin = 50,
			dmax = 300,
			ain = 360,
			aout = 360,
			atout = 0,
			rmix = 0,
		},
		userprops =
		{
			category = "Audio",
		}
	},

	{
		entity_name = "Char_King_MK_hold_Lhand",
		type = MARKER,
		template_name = "",
		lt_grp = 0, srt_grp = 0, usr_flg = 0,
		spatialprops =
		{
			pos = { -2.220579, 1.319638, 1.153605 },
			orient = { { 1, 0, 0 }, { 0, 1, 0 }, { 0, 0, 1 } }
		}
	},

	{
		entity_name = "Char_King_MK_hold_Lhand_Uarm",
		type = MARKER,
		template_name = "",
		lt_grp = 0, srt_grp = 0, usr_flg = 0,
		spatialprops =
		{
			pos = { -2.741452, 1.202973, 1.194297 },
			orient = { { 1, 0, 0 }, { 0, 1, 0 }, { 0, 0, 1 } }
		}
	},

	{
		entity_name = "Char_li_manhattan_bartender_Prop_barcloth_flat",
		type = COMPOUND,
		template_name = "barcloth_flat",
		lt_grp = 0, srt_grp = 0, usr_flg = 0,
		flags = LIT_DYNAMIC,
		spatialprops =
		{
			pos = { 0, 0, 0 },
			orient = { { 1, 0, 0 }, { 0, 1, 0 }, { 0, 0, 1 } }
		},
		userprops =
		{
			category = "Prop",
		}
	},

	{
		entity_name = "sfx_fturn_male02_5",
		type = SOUND,
		template_name = "sfx_fturn_male02",
		lt_grp = 0, srt_grp = 0, usr_flg = 0,
		spatialprops =
		{
			pos = { 0, 0, 0 },
			orient = { { 1, 0, 0 }, { 0, 1, 0 }, { 0, 0, 1 } }
		},
		audioprops =
		{
			attenuation = -12,
			pan = -80,
			dmin = 50,
			dmax = 300,
			ain = 360,
			aout = 360,
			atout = 0,
			rmix = 0,
		},
		userprops =
		{
			category = "Audio",
			Priority = "Steps_4",
		}
	},

	{
		entity_name = "Cam_Monitor_s009c_static",
		type = MONITOR,
		template_name = "",
		lt_grp = 0, srt_grp = 0, usr_flg = 0,
		userprops =
		{
			Priority = "Monitor_Static_1",
		}
	},

	{
		entity_name = "Cam_05_Wide_static_mon",
		type = CAMERA,
		template_name = "",
		lt_grp = 0, srt_grp = 0, usr_flg = 0,
		flags = HIDDEN,
		spatialprops =
		{
			pos = { -0.452616, 1.773589, 2.349526 },
			orient = { {  0.421683,  0.000000, -0.906743 },
					   { -0.143362,  0.987422, -0.066671 },
					   {  0.895338,  0.158107,  0.416379 } }
		},
		cameraprops =
		{
			fovh = 20,
			hvaspect = 1.85,
			nearplane = 0.4,
			farplane = 4000
		}
	},

	{
		entity_name = "Ambi_LtG01_Direct_Cool_Juni&Trent",
		type = LIGHT,
		template_name = "",
		lt_grp = 1, srt_grp = 0, usr_flg = 0,
		spatialprops =
		{
			pos = { -0.021173, 0, 1.123275 },
			orient = { {  0.967953,  0.000000,  0.251130 },
					   { -0.065623,  0.965254,  0.252939 },
					   { -0.242405, -0.261313,  0.934321 } }
		},
		lightprops =
		{
			on = Y,
			color = { 88, 140, 136 },
			diffuse = { 0.690196, 0.666667, 0.835294 },
			specular = { 0, 0, 0 },
			ambient = { 0, 0, 0 },
			direction = { 0, 0, 1 },
			range = 2000,
			cutoff = 90,
			type = L_DIRECT,
			theta = 90,
			atten = { 1, 0, 4e-006 }
		}
	},

	{
		entity_name = "ambi_LtG01_Direct_Warm_Juni&Trent",
		type = LIGHT,
		template_name = "",
		lt_grp = 1, srt_grp = 0, usr_flg = 0,
		spatialprops =
		{
			pos = { -1.910514, 0, 2.094576 },
			orient = { { -0.943749,  0.000000,  0.330663 },
					   { -0.129454,  0.920179, -0.369477 },
					   { -0.304269, -0.391499, -0.868417 } }
		},
		lightprops =
		{
			on = Y,
			color = { 255, 255, 255 },
			diffuse = { 0.686275, 0.584314, 0.478431 },
			specular = { 0, 0, 0 },
			ambient = { 0, 0, 0 },
			direction = { 0, 0, 1 },
			range = 2000,
			cutoff = 90,
			type = L_DIRECT,
			theta = 90,
			atten = { 1, 0, 4e-006 }
		}
	},

	{
		entity_name = "Ambi_LtG02_Direct_Cool_King&Barkeep",
		type = LIGHT,
		template_name = "",
		lt_grp = 2, srt_grp = 0, usr_flg = 0,
		spatialprops =
		{
			pos = { -1.234028, 0, 1.377785 },
			orient = { {  0.967953,  0.000000,  0.251130 },
					   { -0.065623,  0.965254,  0.252939 },
					   { -0.242405, -0.261313,  0.934321 } }
		},
		lightprops =
		{
			on = Y,
			color = { 88, 140, 136 },
			diffuse = { 0.858824, 0.835294, 1 },
			specular = { 0, 0, 0 },
			ambient = { 0, 0, 0 },
			direction = { 0, 0, 1 },
			range = 2000,
			cutoff = 90,
			type = L_DIRECT,
			theta = 90,
			atten = { 1, 0, 4e-006 }
		}
	},

	{
		entity_name = "ambi_LtG02_Direct_Warm_King&Barkeep",
		type = LIGHT,
		template_name = "",
		lt_grp = 2, srt_grp = 0, usr_flg = 0,
		spatialprops =
		{
			pos = { -1.910514, 0, 2.094576 },
			orient = { { -0.943749,  0.000000,  0.330663 },
					   { -0.129454,  0.920179, -0.369477 },
					   { -0.304269, -0.391499, -0.868417 } }
		},
		lightprops =
		{
			on = Y,
			color = { 255, 255, 255 },
			diffuse = { 0.87451, 0.74902, 0.623529 },
			specular = { 0, 0, 0 },
			ambient = { 0, 0, 0 },
			direction = { 0, 0, 1 },
			range = 2000,
			cutoff = 90,
			type = L_DIRECT,
			theta = 90,
			atten = { 1, 0, 4e-006 }
		}
	},

	{
		entity_name = "ambi_LtG02_Direct_Cool_MKR_P01",
		type = MARKER,
		template_name = "",
		lt_grp = 0, srt_grp = 0, usr_flg = 0,
		spatialprops =
		{
			pos = { -1.234028, 0, 1.377785 },
			orient = { {  0.967953,  0.000000,  0.251130 },
					   { -0.065623,  0.965254,  0.252939 },
					   { -0.242405, -0.261313,  0.934321 } }
		}
	},

	{
		entity_name = "ambi_LtG02_Direct_Cool_MKR_P02",
		type = MARKER,
		template_name = "",
		lt_grp = 0, srt_grp = 0, usr_flg = 0,
		spatialprops =
		{
			pos = { -1.234028, 0, 1.377785 },
			orient = { {  0.775892,  0.000000, -0.630866 },
					   {  0.164854,  0.965254,  0.202750 },
					   {  0.608946, -0.261313,  0.748933 } }
		}
	},

	{
		entity_name = "sfx_ambience_bar_ground_smaller",
		type = SOUND,
		template_name = "ambience_bar_ground_smaller",
		lt_grp = 0, srt_grp = 0, usr_flg = 0,
		spatialprops =
		{
			pos = { 0, 0, 0 },
			orient = { { 1, 0, 0 }, { 0, 1, 0 }, { 0, 0, 1 } }
		},
		audioprops =
		{
			attenuation = -10,
			pan = 0,
			dmin = 50,
			dmax = 300,
			ain = 360,
			aout = 360,
			atout = 0,
			rmix = 0,
		},
		userprops =
		{
			category = "Audio",
		}
	}
};

events =
{
	{
		0.000, START_MOTION, { "Char_king" },
		{
			animation = "Sc_MLBODY_STND_HOLDD_LHND_000LV_A_04",
			duration = 1.812,
			trans_time = 0.600,
			time_scale = 1,
			weight = 1,
			heading = -1
		}
	},

	{
		0.000, ATTACH_ENTITY, { "Mrk_Juni_Eyes_Center", "Mrk_Juni_Eyes_Head" },
		{
			duration = 30.000,
			offset = { 0.0302, -0.0014, 1 },
			up = Y_AXIS,
			front = NEG_Z_AXIS,
			target_part = "",
			target_type = ROOT,
			flags = POSITION + ORIENTATION + ENTITY_RELATIVE
		}
	},

	{
		0.000, ATTACH_ENTITY, { "Mrk_Juni_Eyes_Right", "Mrk_Juni_Eyes_Head" },
		{
			duration = 30.000,
			offset = { -0.1074, -0.0008, 0.5105 },
			up = Y_AXIS,
			front = NEG_Z_AXIS,
			target_part = "",
			target_type = ROOT,
			flags = POSITION + ORIENTATION + ENTITY_RELATIVE
		}
	},

	{
		0.000, CONNECT_HARDPOINTS, { "Char_King_Prop_glass_green", "Char_king" },
		{
			duration = 30.000,
			hardpoint = "HpLeftConnect_prop_glass_green",
			parent_hardpoint = "HpLeftConnect"
		}
	},

	{
		0.000, ATTACH_ENTITY, { "Char_li_manhattan_bartender", "Mrk_BarTender" },
		{
			duration = 18.125,
			offset = { 0, 0, 0 },
			up = Y_AXIS,
			front = NEG_Z_AXIS,
			target_part = "",
			target_type = ROOT,
			flags = POSITION + ORIENTATION
		}
	},

	{
		0.000, ATTACH_ENTITY, { "Char_Juni_Mrk_Look_King_2", "Char_king" },
		{
			duration = 26.159,
