duration = 182.108;

entities =
{

	{
		entity_name = "Layer_Scene_s010x",
		type = SCENE,
		template_name = "",
		lt_grp = 0, srt_grp = 0, usr_flg = 0,
		spatialprops =
		{
			pos = { 0, 0, 0 },
			orient = { { 1, 0, 0 }, { 0, 1, 0 }, { 0, 0, 1 } }
		},
		up = Y_AXIS,
		front = Z_AXIS,
		ambient = { 0, 0, 0 }
	},

	{
		entity_name = "Char_Juni",
		type = DEFORMABLE,
		template_name = "juni",
		lt_grp = 0, srt_grp = 0, usr_flg = 0,
		flags = LIT_DYNAMIC,
		spatialprops =
		{
			pos = { -13223.77, 0, 1894.398 },
			orient = { { -0.227538,  0.000000,  0.973769 },
					   {  0.000000,  1.000000,  0.000000 },
					   { -0.973769,  0.000000, -0.227538 } }
		},
		compoundprops =
		{
			floor_height = 0
		},
		userprops =
		{
			actor = "juni",
			category = "Character",
		}
	},

	{
		entity_name = "Char_King",
		type = DEFORMABLE,
		template_name = "king",
		lt_grp = 0, srt_grp = 0, usr_flg = 0,
		flags = LIT_DYNAMIC,
		spatialprops =
		{
			pos = { -13223.77, 0, 1894.398 },
			orient = { { -0.227538,  0.000000,  0.973769 },
					   {  0.000000,  1.000000,  0.000000 },
					   { -0.973769,  0.000000, -0.227538 } }
		},
		compoundprops =
		{
			floor_height = 0
		},
		userprops =
		{
			actor = "king",
			category = "Character",
		}
	},

	{
		entity_name = "Char_Lonnigan",
		type = DEFORMABLE,
		template_name = "lonnigan",
		lt_grp = 1, srt_grp = 0, usr_flg = 0,
		flags = LIT_DYNAMIC,
		spatialprops =
		{
			pos = { 65.9311, 0, -44.68052 },
			orient = { {  0.429088,  0.000000, -0.903263 },
					   {  0.000000,  1.000000,  0.000000 },
					   {  0.903263,  0.000000,  0.429088 } }
		},
		compoundprops =
		{
			floor_height = 0
		},
		userprops =
		{
			actor = "lonnigan",
			category = "Character",
		}
	},

	{
		entity_name = "Char_Syd",
		type = DEFORMABLE,
		template_name = "syd",
		lt_grp = 0, srt_grp = 0, usr_flg = 0,
		flags = LIT_DYNAMIC,
		spatialprops =
		{
			pos = { 14.13572, 20.075, -61.13527 },
			orient = { { -0.156577,  0.000000,  0.987666 },
					   {  0.000000,  1.000000,  0.000000 },
					   { -0.987666,  0.000000, -0.156577 } }
		},
		compoundprops =
		{
			floor_height = 20.075
		},
		userprops =
		{
			actor = "syd",
			category = "Character",
		}
	},

	{
		entity_name = "Char_Syd_Mrk_shot1_start",
		type = MARKER,
		template_name = "",
		lt_grp = 0, srt_grp = 0, usr_flg = 0,
		spatialprops =
		{
			pos = { 12.39156, 21.04616, -62.80935 },
			orient = { { -0.156577,  0.000000,  0.987666 },
					   {  0.000000,  1.000000,  0.000000 },
					   { -0.987666,  0.000000, -0.156577 } }
		}
	},

	{
		entity_name = "Char_King_Mrk_Start",
		type = MARKER,
		template_name = "",
		lt_grp = 0, srt_grp = 0, usr_flg = 0,
		spatialprops =
		{
			pos = { 60.65221, 0, -45.28585 },
			orient = { {  0.272268,  0.000000, -0.962221 },
					   {  0.000000,  1.000000,  0.000000 },
					   {  0.962221,  0.000000,  0.272268 } }
		}
	},

	{
		entity_name = "Cam_2O1_OTS_Syd_End",
		type = CAMERA,
		template_name = "",
		lt_grp = 0, srt_grp = 0, usr_flg = 0,
		flags = HIDDEN,
		spatialprops =
		{
			pos = { 13.71145, 22.38781, -61.05596 },
			orient = { { -0.174031,  0.000000,  0.984740 },
					   {  0.388490,  0.918892,  0.068657 },
					   { -0.904869,  0.394510, -0.159916 } }
		},
		cameraprops =
		{
			fovh = 10,
			hvaspect = 1.85,
			nearplane = 1,
			farplane = 7000
		}
	},

	{
		entity_name = "cam_Monitor",
		type = MONITOR,
		template_name = "",
		lt_grp = 0, srt_grp = 0, usr_flg = 0,
		userprops =
		{
			Priority = "Monitor_Moving_1",
		}
	},

	{
		entity_name = "Char_Syd_Mrk_shot1_end",
		type = MARKER,
		template_name = "",
		lt_grp = 0, srt_grp = 0, usr_flg = 0,
		spatialprops =
		{
			pos = { 15.28751, 21.04616, -61.12698 },
			orient = { { -0.156577,  0.000000,  0.987666 },
					   {  0.000000,  1.000000,  0.000000 },
					   { -0.987666,  0.000000, -0.156577 } }
		}
	},

	{
		entity_name = "Char_ore_runner_male_1",
		type = DEFORMABLE,
		template_name = "ore_runner_male_1",
		lt_grp = 0, srt_grp = 0, usr_flg = 0,
		flags = LIT_DYNAMIC,
		spatialprops =
		{
			pos = { -13223.77, 0, 1894.398 },
			orient = { { -0.227538,  0.000000,  0.973769 },
					   {  0.000000,  1.000000,  0.000000 },
					   { -0.973769,  0.000000, -0.227538 } }
		},
		compoundprops =
		{
			floor_height = 0
		},
		userprops =
		{
			actor = "ore_runner_1",
			category = "Character",
		}
	},

	{
		entity_name = "Char_ore_runner_male_2",
		type = DEFORMABLE,
		template_name = "ore_runner_male_2",
		lt_grp = 0, srt_grp = 0, usr_flg = 0,
		flags = LIT_DYNAMIC,
		spatialprops =
		{
			pos = { -13223.77, 0, 1894.398 },
			orient = { { -0.227538,  0.000000,  0.973769 },
					   {  0.000000,  1.000000,  0.000000 },
					   { -0.973769,  0.000000, -0.227538 } }
		},
		compoundprops =
		{
			floor_height = 0
		},
		userprops =
		{
			actor = "ore_runner_2",
			category = "Character",
		}
	},

	{
		entity_name = "Z_Mrk_OffScreen",
		type = MARKER,
		template_name = "",
		lt_grp = 0, srt_grp = 0, usr_flg = 0,
		spatialprops =
		{
			pos = { -13223.77, 0, 1894.398 },
			orient = { { -0.227538,  0.000000,  0.973769 },
					   {  0.000000,  1.000000,  0.000000 },
					   { -0.973769,  0.000000, -0.227538 } }
		}
	},

	{
		entity_name = "Ship_Playership_gf_rtc_shipcushion",
		type = PSYS,
		template_name = "gf_rtc_shipcushion",
		lt_grp = 0, srt_grp = 0, usr_flg = 0,
		flags = LIT_DYNAMIC + LIT_AMBIENT,
		spatialprops =
		{
			pos = { 84.74757, 0, -42.25677 },
			orient = { { 1, 0, 0 }, { 0, 1, 0 }, { 0, 0, 1 } }
		},
		psysprops =
		{
			sparam = 0
		}
	},

	{
		entity_name = "Ship_li_fighter_King_gf_rtc_shipcushion",
		type = PSYS,
		template_name = "gf_rtc_shipcushion",
		lt_grp = 0, srt_grp = 0, usr_flg = 0,
		flags = LIT_DYNAMIC + LIT_AMBIENT,
		spatialprops =
		{
			pos = { 72.07488, -0.009128, -32.33527 },
			orient = { { 1, 0, 0 }, { 0, 1, 0 }, { 0, 0, 1 } }
		},
		psysprops =
		{
			sparam = 0
		}
	},

	{
		entity_name = "Cam_1X_OTS_Trent_withAgents",
		type = CAMERA,
		template_name = "",
		lt_grp = 0, srt_grp = 0, usr_flg = 0,
		flags = HIDDEN,
		spatialprops =
		{
			pos = { 68.22865, 1.245098, -38.04885 },
			orient = { {  0.720717, -0.082590, -0.688292 },
					   {  0.021434,  0.995058, -0.096956 },
					   {  0.692898,  0.055124,  0.718925 } }
		},
		cameraprops =
		{
			fovh = 20,
			hvaspect = 1.85,
			nearplane = 3,
			farplane = 7000
		}
	},

	{
		entity_name = "Char_li_male_elite_2_A",
		type = DEFORMABLE,
		template_name = "li_male_elite_2",
		lt_grp = 0, srt_grp = 0, usr_flg = 0,
		flags = LIT_DYNAMIC,
		spatialprops =
		{
			pos = { -13223.58, 0, 1893.595 },
			orient = { { -0.227538,  0.000000,  0.973769 },
					   {  0.000000,  1.000000,  0.000000 },
					   { -0.973769,  0.000000, -0.227538 } }
		},
		compoundprops =
		{
			floor_height = 0
		},
		userprops =
		{
			actor = "li_male_elite_2",
			category = "Character",
		}
	},

	{
		entity_name = "Cam_2O1_OTS_Syd",
		type = CAMERA,
		template_name = "",
		lt_grp = 0, srt_grp = 0, usr_flg = 0,
		flags = HIDDEN,
		spatialprops =
		{
			pos = { 13.81886, 22.94284, -60.69777 },
			orient = { { -0.197375,  0.000000,  0.980328 },
					   {  0.371249,  0.925520,  0.074746 },
					   { -0.907313,  0.378698, -0.182674 } }
		},
		cameraprops =
		{
			fovh = 10,
			hvaspect = 1.85,
			nearplane = 1,
			farplane = 7000
		}
	},

	{
		entity_name = "Char_Trent",
		type = DEFORMABLE,
		template_name = "trent",
		lt_grp = 0, srt_grp = 0, usr_flg = 0,
		flags = LIT_DYNAMIC,
		spatialprops =
		{
			pos = { 22.37948, 0, -68.32103 },
			orient = { { -0.227538,  0.000000,  0.973769 },
					   {  0.000000,  1.000000,  0.000000 },
					   { -0.973769,  0.000000, -0.227538 } }
		},
		compoundprops =
		{
			floor_height = 0
		},
		userprops =
		{
			actor = "player",
			category = "Character",
		}
	},

	{
		entity_name = "Cam_2P_TCI_Syd_Hand",
		type = CAMERA,
		template_name = "",
		lt_grp = 0, srt_grp = 0, usr_flg = 0,
		flags = HIDDEN,
		spatialprops =
		{
			pos = { 15.27969, 22.37044, -60.77272 },
			orient = { {  0.223528,  0.000000,  0.974697 },
					   {  0.953803,  0.205946, -0.218736 },
					   { -0.200736,  0.978563,  0.046035 } }
		},
		cameraprops =
		{
			fovh = 10,
			hvaspect = 1.85,
			nearplane = 0.4,
			farplane = 7000
		}
	},

	{
		entity_name = "Ship_PlayerShip_1",
		type = COMPOUND,
		template_name = "PlayerShip",
		lt_grp = 3, srt_grp = 0, usr_flg = 0,
		flags = LIT_DYNAMIC,
		spatialprops =
		{
			pos = { 84.74757, 0, -42.25677 },
			orient = { { 1, 0, 0 }, { 0, 1, 0 }, { 0, 0, 1 } }
		},
		userprops =
		{
			category = "Spaceship",
		}
	},

	{
		entity_name = "Cam_1G_OTS_Trent",
		type = CAMERA,
		template_name = "",
		lt_grp = 0, srt_grp = 0, usr_flg = 0,
		flags = HIDDEN,
		spatialprops =
		{
			pos = { 64.72952, 1.726307, -43.39448 },
			orient = { {  0.575001,  0.124046, -0.808693 },
					   { -0.167503,  0.985350,  0.032046 },
					   {  0.800822,  0.117032,  0.587356 } }
		},
		cameraprops =
		{
			fovh = 20,
			hvaspect = 1.85,
			nearplane = 0.4,
			farplane = 7000
		}
	},

	{
		entity_name = "Cam_1F1_2Shot_TrentLonn",
		type = CAMERA,
		template_name = "",
		lt_grp = 0, srt_grp = 0, usr_flg = 0,
		flags = HIDDEN,
		spatialprops =
		{
			pos = { 60.3366, 1.473949, -43.7767 },
			orient = { {  0.407742, -0.067266,  0.910616 },
					   {  0.062325,  0.997006,  0.045741 },
					   { -0.910967,  0.038104,  0.410714 } }
		},
		cameraprops =
		{
			fovh = 25,
			hvaspect = 1.85,
			nearplane = 0.4,
			farplane = 7000
		}
	},

	{
		entity_name = "Cam_1E1_CU_Trent",
		type = CAMERA,
		template_name = "",
		lt_grp = 0, srt_grp = 0, usr_flg = 0,
		flags = HIDDEN,
		spatialprops =
		{
			pos = { 62.62632, 1.602021, -44.07408 },
			orient = { {  0.716486, -0.074020, -0.693663 },
					   {  0.040065,  0.997079, -0.065014 },
					   {  0.696450,  0.018791,  0.717359 } }
		},
		cameraprops =
		{
			fovh = 20,
			hvaspect = 1.85,
			nearplane = 0.4,
			farplane = 7000
		}
	},

	{
		entity_name = "Cam_1G1_2Shot_LonnTrent",
		type = CAMERA,
		template_name = "",
		lt_grp = 0, srt_grp = 0, usr_flg = 0,
		flags = HIDDEN,
		spatialprops =
		{
			pos = { 64.0918, 1.454363, -42.79188 },
			orient = { {  0.820840,  0.065608, -0.567378 },
					   { -0.068798,  0.997505,  0.015814 },
					   {  0.567000,  0.026053,  0.823306 } }
		},
		cameraprops =
		{
			fovh = 25,
			hvaspect = 1.85,
			nearplane = 0.4,
			farplane = 7000
		}
	},

	{
		entity_name = "Char_Lonnigan_Mrk_1",
		type = MARKER,
		template_name = "",
		lt_grp = 0, srt_grp = 0, usr_flg = 0,
		spatialprops =
		{
			pos = { 63.62752, 0.956432, -41.67412 },
			orient = { { -0.826154,  0.000000,  0.563444 },
					   {  0.000000,  1.000000,  0.000000 },
					   { -0.563444,  0.000000, -0.826154 } }
		}
	},

	{
		entity_name = "Char_Lonnigan_Mrk_2",
		type = MARKER,
		template_name = "",
		lt_grp = 0, srt_grp = 0, usr_flg = 0,
		spatialprops =
		{
			pos = { 64.41071, 0.973797, -43.83149 },
			orient = { { -0.241219,  0.000000, -0.970471 },
					   {  0.000000,  1.000000,  0.000000 },
					   {  0.970471,  0.000000, -0.241219 } }
		}
	},

	{
		entity_name = "Char_li_male_elite_3_Prop_rifle",
		type = COMPOUND,
		template_name = "rifle",
		lt_grp = 0, srt_grp = 0, usr_flg = 0,
		flags = LIT_DYNAMIC,
		spatialprops =
		{
			pos = { -13224.39, 1.460987, 1896.143 },
			orient = { {  0.061012, -0.748935, -0.659829 },
					   { -0.965276,  0.123956, -0.229951 },
					   {  0.254008,  0.650947, -0.715366 } }
		},
		userprops =
		{
			category = "Prop",
		}
	},

	{
		entity_name = "Char_li_male_elite_3_Mrk_Start",
		type = MARKER,
		template_name = "",
		lt_grp = 0, srt_grp = 0, usr_flg = 0,
		spatialprops =
		{
			pos = { 45.2775, 0, -53.10851 },
			orient = { { -0.861098,  0.000000, -0.508439 },
					   {  0.000000,  1.000000,  0.000000 },
					   {  0.508439,  0.000000, -0.861098 } }
		}
	},

	{
		entity_name = "Char_Lonnigan_Mrk_3",
		type = MARKER,
		template_name = "",
		lt_grp = 0, srt_grp = 0, usr_flg = 0,
		spatialprops =
		{
			pos = { 64.41071, 0.973797, -43.83149 },
			orient = { { -0.977918,  0.000000,  0.208989 },
					   {  0.000000,  1.000000,  0.000000 },
					   { -0.208989,  0.000000, -0.977918 } }
		}
	},

	{
		entity_name = "Char_li_male_elite_2_A_Prop_baton_stun_1",
		type = COMPOUND,
		template_name = "baton_stun",
		lt_grp = 0, srt_grp = 0, usr_flg = 0,
		flags = LIT_DYNAMIC,
		spatialprops =
		{
			pos = { -13221.43, 0, 1894.398 },
			orient = { { -0.227538,  0.000000,  0.973769 },
					   {  0.000000,  1.000000,  0.000000 },
					   { -0.973769,  0.000000, -0.227538 } }
		},
		userprops =
		{
			category = "Prop",
		}
	},

	{
		entity_name = "Cam_1I_OTS_Pacing_Lonnigan",
		type = CAMERA,
		template_name = "",
		lt_grp = 0, srt_grp = 0, usr_flg = 0,
		flags = HIDDEN,
		spatialprops =
		{
			pos = { 62.51868, 1.458193, -41.12414 },
			orient = { {  0.972943,  0.097914,  0.209272 },
					   { -0.063370,  0.984115, -0.165831 },
					   { -0.222185,  0.148083,  0.963693 } }
		},
		cameraprops =
		{
			fovh = 30,
			hvaspect = 1.85,
			nearplane = 0.4,
			farplane = 7000
		}
	},

	{
		entity_name = "Cam_1J_CU_Trent",
		type = CAMERA,
		template_name = "",
		lt_grp = 0, srt_grp = 0, usr_flg = 0,
		flags = HIDDEN,
		spatialprops =
		{
			pos = { 62.64963, 1.621966, -43.30226 },
			orient = { {  0.990379, -0.078836,  0.113722 },
					   {  0.080479,  0.996706, -0.009922 },
					   { -0.112565,  0.018979,  0.993463 } }
		},
		cameraprops =
		{
			fovh = 25,
			hvaspect = 1.85,
			nearplane = 0.4,
			farplane = 7000
		}
	},

	{
		entity_name = "Cam_1K_CU_Pacing_Lonnigan_End",
		type = CAMERA,
		template_name = "",
		lt_grp = 0, srt_grp = 0, usr_flg = 0,
		flags = HIDDEN,
		spatialprops =
		{
			pos = { 63.152, 1.23377, -44.49366 },
			orient = { { -0.582464, -0.195335,  0.789036 },
					   { -0.153951,  0.979637,  0.128874 },
					   { -0.798143, -0.046409, -0.600676 } }
		},
		cameraprops =
		{
			fovh = 20,
			hvaspect = 1.85,
			nearplane = 0.4,
			farplane = 7000
		}
	},

	{
		entity_name = "Cam_1K_CU_Pacing_Lonnigan_Start",
		type = CAMERA,
		template_name = "",
		lt_grp = 0, srt_grp = 0, usr_flg = 0,
		flags = HIDDEN,
		spatialprops =
		{
			pos = { 62.71836, 1.325923, -44.88223 },
			orient = { { -0.616219,  0.198801,  0.762069 },
					   {  0.144556,  0.979727, -0.138691 },
					   { -0.774193,  0.024697, -0.632466 } }
		},
		cameraprops =
		{
			fovh = 20,
			hvaspect = 1.85,
			nearplane = 0.4,
			farplane = 7000
		}
	},

	{
		entity_name = "Cam_1L_Wipe_Pacing_Lonnigan_Mid",
		type = CAMERA,
		template_name = "",
		lt_grp = 0, srt_grp = 0, usr_flg = 0,
		flags = HIDDEN,
		spatialprops =
		{
			pos = { 65.49453, 1.480037, -40.8711 },
			orient = { {  0.660550, -0.165698, -0.732269 },
					   {  0.095750,  0.985969, -0.136734 },
					   {  0.744651,  0.020204,  0.667148 } }
		},
		cameraprops =
		{
			fovh = 20,
			hvaspect = 1.85,
			nearplane = 0.4,
			farplane = 7000
		}
	},

	{
		entity_name = "Cam_1L_Wipe_Pacing_Lonnigan_Start",
		type = CAMERA,
		template_name = "",
		lt_grp = 0, srt_grp = 0, usr_flg = 0,
		flags = HIDDEN,
		spatialprops =
		{
			pos = { 65.84777, 1.406973, -41.52218 },
			orient = { {  0.816537,  0.160838, -0.554434 },
					   { -0.142973,  0.986826,  0.075711 },
					   {  0.559308,  0.017448,  0.828776 } }
		},
		cameraprops =
		{
			fovh = 20,
			hvaspect = 1.85,
			nearplane = 0.4,
			farplane = 7000
		}
	},

	{
		entity_name = "Cam_1H_OTS_Lonnigan",
		type = CAMERA,
		template_name = "",
		lt_grp = 0, srt_grp = 0, usr_flg = 0,
		flags = HIDDEN,
		spatialprops =
		{
			pos = { 61.62917, 1.62468, -43.89706 },
			orient = { {  0.300644, -0.147595,  0.942246 },
					   {  0.081832,  0.988301,  0.128699 },
					   { -0.950219,  0.038414,  0.309205 } }
		},
		cameraprops =
		{
			fovh = 20,
			hvaspect = 1.85,
			nearplane = 0.4,
			farplane = 7000
		}
	},

	{
		entity_name = "Cam_1M_CU_Lonnigan_Dolly_End",
		type = CAMERA,
		template_name = "",
		lt_grp = 0, srt_grp = 0, usr_flg = 0,
		flags = HIDDEN,
		spatialprops =
		{
			pos = { 63.84071, 1.419602, -44.0993 },
			orient = { { -0.252128,  0.151238,  0.955802 },
					   { -0.015933,  0.986928, -0.160366 },
					   { -0.967562, -0.055662, -0.246423 } }
		},
		cameraprops =
		{
			fovh = 25,
			hvaspect = 1.85,
			nearplane = 0.4,
			farplane = 7000
		}
	},

	{
		entity_name = "Cam_1M_CU_Lonnigan_Dolly",
		type = CAMERA,
		template_name = "",
		lt_grp = 0, srt_grp = 0, usr_flg = 0,
		flags = HIDDEN,
		spatialprops =
		{
			pos = { 62.88532, 0.95926, -43.65448 },
			orient = { { -0.256401,  0.151835,  0.954570 },
					   { -0.125014,  0.974080, -0.188518 },
					   { -0.958452, -0.167670, -0.230773 } }
		},
		cameraprops =
		{
			fovh = 25,
			hvaspect = 1.85,
			nearplane = 0.4,
			farplane = 7000
		}
	},

	{
		entity_name = "Cam_1N_CU_Trent",
		type = CAMERA,
		template_name = "",
		lt_grp = 0, srt_grp = 0, usr_flg = 0,
		flags = HIDDEN,
		spatialprops =
		{
			pos = { 63.32612, 1.592679, -43.62084 },
			orient = { {  0.812281, -0.069785, -0.579075 },
					   {  0.053968,  0.997549, -0.044514 },
					   {  0.580763,  0.004907,  0.814058 } }
		},
		cameraprops =
		{
			fovh = 25,
			hvaspect = 1.85,
			nearplane = 0.4,
			farplane = 7000
		}
	},

	{
		entity_name = "Cam_1Q_CU_Lonnigan_ToMe",
		type = CAMERA,
		template_name = "",
		lt_grp = 0, srt_grp = 0, usr_flg = 0,
		flags = HIDDEN,
		spatialprops =
		{
			pos = { 63.54079, 1.227126, -44.65974 },
			orient = { { -0.522809,  0.261204,  0.811445 },
					   {  0.042193,  0.958661, -0.281407 },
					   { -0.851405, -0.112884, -0.512218 } }
		},
		cameraprops =
		{
			fovh = 20,
			hvaspect = 1.85,
			nearplane = 1,
			farplane = 7000
		}
	},

	{
		entity_name = "Cam_1P_2Shot_Lonnigan_ISaw",
		type = CAMERA,
		template_name = "",
		lt_grp = 0, srt_grp = 0, usr_flg = 0,
		flags = HIDDEN,
		spatialprops =
		{
			pos = { 65.90971, 1.672377, -42.63579 },
			orient = { {  0.597009,  0.163847, -0.785324 },
					   { -0.137734,  0.985319,  0.100867 },
					   {  0.790322,  0.047948,  0.610812 } }
		},
		cameraprops =
		{
			fovh = 20,
			hvaspect = 1.85,
			nearplane = 0.4,
			farplane = 7000
		}
	},

	{
		entity_name = "Cam_1O_CU_Lonnigan_IHadTo",
		type = CAMERA,
		template_name = "",
		lt_grp = 0, srt_grp = 0, usr_flg = 0,
		spatialprops =
		{
			pos = { 64.30366, 1.463662, -43.91828 },
			orient = { { -0.378772,  0.235341,  0.895067 },
					   { -0.092831,  0.952589, -0.289749 },
					   { -0.920822, -0.192839, -0.338967 } }
		},
		cameraprops =
		{
			fovh = 20,
			hvaspect = 1.85,
			nearplane = 0.4,
			farplane = 7000
		}
	},

	{
		entity_name = "Cam_1R_CU_Lonnigan_Crazy_Chase",
		type = CAMERA,
		template_name = "",
		lt_grp = 0, srt_grp = 0, usr_flg = 0,
		flags = HIDDEN,
		spatialprops =
		{
			pos = { 64.47073, 1.51663, -41.60229 },
			orient = { {  0.958728,  0.000000,  0.284326 },
					   {  0.007863,  0.999618, -0.026513 },
					   { -0.284217,  0.027654,  0.958361 } }
		},
		cameraprops =
		{
			fovh = 20,
			hvaspect = 1.85,
			nearplane = 0.4,
			farplane = 7000
		}
	},

	{
		entity_name = "Cam_1V_2Shot_Lonnigan_SeeingAgents",
		type = CAMERA,
		template_name = "",
		lt_grp = 0, srt_grp = 0, usr_flg = 0,
		flags = HIDDEN,
		spatialprops =
		{
			pos = { 60.81241, 1.505612, -44.22276 },
			orient = { { -0.388878, -0.292207,  0.873721 },
					   { -0.096613,  0.956073,  0.276748 },
					   { -0.916209,  0.023208, -0.400027 } }
		},
		cameraprops =
		{
			fovh = 10,
			hvaspect = 1.85,
			nearplane = 0.4,
			farplane = 7000
		}
	},

	{
		entity_name = "Cam_1U_2Shot_Lonnigan_Wide",
		type = CAMERA,
		template_name = "",
		lt_grp = 0, srt_grp = 0, usr_flg = 0,
		flags = HIDDEN,
		spatialprops =
		{
			pos = { 67.71712, 1.552491, -39.11411 },
			orient = { {  0.858762,  0.197385, -0.472827 },
					   { -0.211978,  0.977007,  0.022857 },
					   {  0.466468,  0.080600,  0.880858 } }
		},
		cameraprops =
		{
			fovh = 20,
			hvaspect = 1.85,
			nearplane = 0.4,
			farplane = 7000
		}
	},

	{
		entity_name = "Cam_1R_CU_Lonnigan_Crazy",
		type = CAMERA,
		template_name = "",
		lt_grp = 0, srt_grp = 0, usr_flg = 0,
		flags = HIDDEN,
		spatialprops =
		{
			pos = { 65.14014, 1.51663, -41.40377 },
			orient = { {  0.958728,  0.000000,  0.284326 },
					   {  0.007863,  0.999618, -0.026513 },
					   { -0.284217,  0.027654,  0.958361 } }
		},
		cameraprops =
		{
			fovh = 20,
			hvaspect = 1.85,
			nearplane = 0.4,
			farplane = 7000
		}
	},

	{
		entity_name = "Char_Lonnigan_Mrk_SnapTo_1",
		type = MARKER,
		template_name = "",
		lt_grp = 0, srt_grp = 0, usr_flg = 0,
		spatialprops =
		{
			pos = { 64.83307, 0.958268, -42.85412 },
			orient = { { -0.540697,  0.000000,  0.841218 },
					   {  0.000000,  1.000000,  0.000000 },
					   { -0.841218,  0.000000, -0.540697 } }
		}
	},

	{
		entity_name = "Char_Trent_SnapTo",
		type = MARKER,
		template_name = "",
		lt_grp = 0, srt_grp = 0, usr_flg = 0,
		spatialprops =
		{
			pos = { 60.58484, 0.973156, -45.62056 },
			orient = { { -0.548452,  0.000000,  0.836182 },
					   {  0.000000,  1.000000,  0.000000 },
					   { -0.836182,  0.000000, -0.548452 } }
		}
	},

	{
		entity_name = "Cam_1S_2Shot_Trent_Dolly_End",
		type = CAMERA,
		template_name = "",
		lt_grp = 0, srt_grp = 0, usr_flg = 0,
		spatialprops =
		{
			pos = { 65.47928, 1.399522, -40.97232 },
			orient = { {  0.929768,  0.173831, -0.324519 },
					   { -0.152085,  0.984130,  0.091424 },
					   {  0.335262, -0.035649,  0.941450 } }
		},
		cameraprops =
		{
			fovh = 20,
			hvaspect = 1.85,
			nearplane = 0.4,
			farplane = 7000
		}
	},

	{
		entity_name = "Cam_1S_2Shot_Trent_Dolly_Start",
		type = CAMERA,
		template_name = "",
		lt_grp = 0, srt_grp = 0, usr_flg = 0,
		spatialprops =
		{
			pos = { 63.35786, 1.58002, -42.64997 },
			orient = { {  0.900215, -0.137325, -0.413223 },
					   {  0.080354,  0.985060, -0.152308 },
					   {  0.427965,  0.103906,  0.897801 } }
		},
		cameraprops =
		{
			fovh = 20,
			hvaspect = 1.85,
			nearplane = 0.4,
			farplane = 7000
		}
	},

	{
		entity_name = "Char_Lonnigan_Mrk_SnapTo_2",
		type = MARKER,
		template_name = "",
		lt_grp = 0, srt_grp = 0, usr_flg = 0,
		spatialprops =
		{
			pos = { 65.87924, 0.958268, -42.5019 },
			orient = { { -0.845321,  0.000000, -0.534258 },
					   {  0.000000,  1.000000,  0.000000 },
					   {  0.534258,  0.000000, -0.845321 } }
		}
	},

	{
		entity_name = "Char_li_male_elite_2_A_Mrk_Start",
		type = MARKER,
		template_name = "",
		lt_grp = 0, srt_grp = 0, usr_flg = 0,
		spatialprops =
		{
			pos = { 47.04225, 0, -53.547 },
			orient = { { -0.839871,  0.000000,  0.542786 },
					   {  0.000000,  1.000000,  0.000000 },
					   { -0.542786,  0.000000, -0.839871 } }
		}
	},

	{
		entity_name = "Char_ore_runner_male_1_Mrk",
		type = MARKER,
		template_name = "",
		lt_grp = 0, srt_grp = 0, usr_flg = 0,
		spatialprops =
		{
			pos = { 37.68384, 0.969072, -46.9148 },
			orient = { {  0.992168,  0.000000, -0.124913 },
					   {  0.000000,  1.000000,  0.000000 },
					   {  0.124913,  0.000000,  0.992168 } }
		}
	},

	{
		entity_name = "Char_ore_runner_male_2_Mrk",
		type = MARKER,
		template_name = "",
		lt_grp = 0, srt_grp = 0, usr_flg = 0,
		spatialprops =
		{
			pos = { 38.39579, 0.969072, -47.05517 },
			orient = { {  0.992168,  0.000000, -0.124913 },
					   {  0.000000,  1.000000,  0.000000 },
					   {  0.124913,  0.000000,  0.992168 } }
		}
	},

	{
		entity_name = "Char_Lonnigan_Mrk_Ajust",
		type = MARKER,
		template_name = "",
		lt_grp = 0, srt_grp = 0, usr_flg = 0,
		spatialprops =
		{
			pos = { 65.24115, 0, -40.71947 },
			orient = { {  0.877325,  0.000000,  0.479897 },
					   {  0.000000,  1.000000,  0.000000 },
					   { -0.479897,  0.000000,  0.877325 } }
		}
	},

	{
		entity_name = "Cam_1Y_2Shot_Agents",
		type = CAMERA,
		template_name = "",
		lt_grp = 0, srt_grp = 0, usr_flg = 0,
		spatialprops =
		{
			pos = { 49.7641, 1.453048, -49.39365 },
			orient = { {  0.763380,  0.000000, -0.645949 },
					   { -0.014670,  0.999742, -0.017338 },
					   {  0.645782,  0.022712,  0.763184 } }
		},
		cameraprops =
		{
			fovh = 20,
			hvaspect = 1.85,
			nearplane = 0.4,
			farplane = 7000
		}
	},

	{
		entity_name = "Char_li_male_elite_3",
		type = DEFORMABLE,
		template_name = "li_male_elite_3",
		lt_grp = 0, srt_grp = 0, usr_flg = 0,
		flags = LIT_DYNAMIC + LIT_AMBIENT,
		spatialprops =
		{
			pos = { -13223.77, 0, 1894.398 },
			orient = { { -0.227538,  0.000000,  0.973769 },
					   {  0.000000,  1.000000,  0.000000 },
					   { -0.973769,  0.000000, -0.227538 } }
		},
		compoundprops =
		{
			floor_height = 0
		},
		userprops =
		{
			actor = "li_male_elite_3",
			category = "Character",
		}
	},

	{
		entity_name = "Char_Trent_Mrk_TurnToAgents",
		type = MARKER,
		template_name = "",
		lt_grp = 0, srt_grp = 0, usr_flg = 0,
		spatialprops =
		{
			pos = { 64.26386, 0, -43.17351 },
			orient = { { -0.999953,  0.000000, -0.009650 },
					   {  0.000000,  1.000000,  0.000000 },
					   {  0.009650,  0.000000, -0.999953 } }
		}
	},

	{
		entity_name = "Char_Trent_Mrk_TurnBackToLonnigan",
		type = MARKER,
		template_name = "",
		lt_grp = 0, srt_grp = 0, usr_flg = 0,
		spatialprops =
		{
			pos = { 62.49685, 0, -40.59289 },
			orient = { { -0.932122,  0.000000,  0.362146 },
					   {  0.000000,  1.000000,  0.000000 },
					   { -0.362146,  0.000000, -0.932122 } }
		}
	},

	{
		entity_name = "Char_Lonnigan_Mrk_Running",
		type = MARKER,
		template_name = "",
		lt_grp = 0, srt_grp = 0, usr_flg = 0,
		spatialprops =
		{
			pos = { 61.96394, 0, -39.35611 },
			orient = { { -0.536710,  0.000000,  0.843767 },
					   {  0.000000,  1.000000,  0.000000 },
					   { -0.843767,  0.000000, -0.536710 } }
		}
	},

	{
		entity_name = "Char_li_male_elite_3_Mrk_Ajust",
		type = MARKER,
		template_name = "",
		lt_grp = 0, srt_grp = 0, usr_flg = 0,
		spatialprops =
		{
			pos = { 48.0593, 0, -50.95499 },
			orient = { { -0.994384,  0.000000,  0.105830 },
					   {  0.000000,  1.000000,  0.000000 },
					   { -0.105830,  0.000000, -0.994384 } }
		}
	},

	{
		entity_name = "Cam_2A_Dart",
		type = CAMERA,
		template_name = "",
		lt_grp = 0, srt_grp = 0, usr_flg = 0,
		flags = HIDDEN,
		spatialprops =
		{
			pos = { 54.78657, 1.471409, -45.45354 },
			orient = { {  0.621224,  0.000000, -0.783633 },
					   {  0.009880,  0.999921,  0.007832 },
					   {  0.783570, -0.012608,  0.621175 } }
		},
		cameraprops =
		{
			fovh = 20,
			hvaspect = 1.85,
			nearplane = 0.1,
			farplane = 7000
		}
	},

	{
		entity_name = "Char_li_male_elite_3_Mrk_Freeze",
		type = MARKER,
		template_name = "",
		lt_grp = 0, srt_grp = 0, usr_flg = 0,
		spatialprops =
		{
			pos = { 48.17353, 0, -50.78988 },
			orient = { { -0.989544,  0.000000, -0.144232 },
					   {  0.000000,  1.000000,  0.000000 },
					   {  0.144232,  0.000000, -0.989544 } }
		}
	},

	{
		entity_name = "Dart_02_Final_Path_ToLonnigan",
		type = MOTION_PATH,
		template_name = "",
		lt_grp = 0, srt_grp = 0, usr_flg = 0,
		spatialprops =
		{
			pos = { 35.16649, 1.787077, -61.00729 },
			orient = { {  0.621225,  0.000000, -0.783633 },
					   {  0.783570, -0.012607,  0.621175 },
					   { -0.009879, -0.999920, -0.007832 } }
		},
		pathprops =
		{
			path_type = "CV_CROrientationSplinePath",
			path_data = "OPEN,{0.000003,0.000000,0.000000}, {1.000000,0.000000,0.000000,0.000000}, {0.000400,34.570038,-0.000025}, {1.000000,0.000000,0.000000,0.000000}, "
		}
	},

	{
		entity_name = "Char_Trent_JumpOutofTheWay",
		type = MARKER,
		template_name = "",
		lt_grp = 0, srt_grp = 0, usr_flg = 0,
		spatialprops =
		{
			pos = { 49.64152, 0.5, -49.53133 },
			orient = { {  0.948673,  0.000000, -0.316258 },
					   {  0.000000,  1.000000,  0.000000 },
					   {  0.316258,  0.000000,  0.948673 } }
		}
	},

	{
		entity_name = "Char_Trent_Mrk_WalkUp",
		type = MARKER,
		template_name = "",
		lt_grp = 0, srt_grp = 0, usr_flg = 0,
		spatialprops =
		{
			pos = { 59.48933, 0, -45.97561 },
			orient = { { -0.468662,  0.000000,  0.883378 },
					   {  0.000000,  1.000000,  0.000000 },
					   { -0.883378,  0.000000, -0.468662 } }
		}
	},

	{
		entity_name = "Char_Lonnigan_Mrk_WalkUp",
		type = MARKER,
		template_name = "",
		lt_grp = 0, srt_grp = 0, usr_flg = 0,
		spatialprops =
		{
			pos = { 65.30408, 0, -44.04735 },
			orient = { {  0.266374,  0.000000, -0.963870 },
					   {  0.000000,  1.000000,  0.000000 },
					   {  0.963870,  0.000000,  0.266374 } }
		}
	},

	{
		entity_name = "Cam_2A_Zoom_Agent_Gun_Path",
		type = MOTION_PATH,
		template_name = "",
		lt_grp = 0, srt_grp = 0, usr_flg = 0,
		spatialprops =
		{
			pos = { 70.42006, 1.219861, -33.06009 },
			orient = { {  0.621224,  0.000000, -0.783633 },
					   { -0.011428,  0.999894, -0.009060 },
					   {  0.783550,  0.014584,  0.621158 } }
		},
		pathprops =
		{
			path_type = "CV_CROrientationSplinePath",
			path_data = "OPEN,{-0.000401,0.542079,-19.944767}, {0.982689,0.013362,0.002512,-0.184765}, {-0.126912,0.652486,-26.797615}, {0.988312,0.027404,-0.149951,0.001970}, "
		}
	},

	{
		entity_name = "Char_Lonnigan_Mrk_HitByDart",
		type = MARKER,
		template_name = "",
		lt_grp = 0, srt_grp = 0, usr_flg = 0,
		spatialprops =
		{
			pos = { 49.78647, 100, -49.50789 },
			orient = { { -0.507893,  0.000000,  0.861420 },
					   {  0.000000,  1.000000,  0.000000 },
					   { -0.861420,  0.000000, -0.507893 } }
		}
	},

	{
		entity_name = "Char_Trent_Mrk_StunnedOnGround",
		type = MARKER,
		template_name = "",
		lt_grp = 0, srt_grp = 0, usr_flg = 0,
		spatialprops =
		{
			pos = { 59.66828, 0, -45.21701 },
			orient = { { -0.599413,  0.000000, -0.800440 },
					   {  0.000000,  1.000000,  0.000000 },
					   {  0.800440,  0.000000, -0.599413 } }
		}
	},

	{
		entity_name = "Char_Juni_Mrk_Start",
		type = MARKER,
		template_name = "",
		lt_grp = 0, srt_grp = 0, usr_flg = 0,
		spatialprops =
		{
			pos = { 56.41285, 0.502394, -46.68885 },
			orient = { {  0.244799,  0.000000,  0.969574 },
					   {  0.000000,  1.000000,  0.000000 },
					   { -0.969574,  0.000000,  0.244799 } }
		}
	},

	{
		entity_name = "Cam_2F_POV_Juni_Slaping",
		type = CAMERA,
		template_name = "",
		lt_grp = 0, srt_grp = 0, usr_flg = 0,
		spatialprops =
		{
			pos = { 57.44872, -0.542435, -46.60889 },
			orient = { { -0.233374, -0.146184, -0.961336 },
					   {  0.865941,  0.418508, -0.273855 },
					   {  0.442360, -0.896371,  0.028918 } }
		},
		cameraprops =
		{
			fovh = 10,
			hvaspect = 1.85,
			nearplane = 0.4,
			farplane = 7000
		}
	},

	{
		entity_name = "Cam_2E_POV_Trent_Down_rtc_fadewhite_variable",
		type = PSYS,
		template_name = "rtc_fadewhite_variable",
		lt_grp = 0, srt_grp = 0, usr_flg = 0,
		flags = LIT_DYNAMIC + LIT_AMBIENT,
		spatialprops =
		{
			pos = { 59.95847, 1.026975, -45.90652 },
			orient = { { -0.347626, -0.275385, -0.896281 },
					   {  0.701365,  0.558038, -0.443487 },
					   {  0.622288, -0.782788, -0.000843 } }
		},
		psysprops =
		{
			sparam = 0
		}
	},

	{
		entity_name = "Cam_2E_POV_Trent_Down_rtc_fadeblack_variable_1",
		type = PSYS,
		template_name = "rtc_fadeblack_variable",
		lt_grp = 0, srt_grp = 0, usr_flg = 0,
		flags = LIT_DYNAMIC + LIT_AMBIENT,
		spatialprops =
		{
			pos = { 59.95847, 1.026975, -45.90652 },
			orient = { { -0.347626, -0.275385, -0.896281 },
					   {  0.701365,  0.558038, -0.443487 },
					   {  0.622288, -0.782788, -0.000843 } }
		},
		psysprops =
		{
			sparam = 0
		}
	},

	{
		entity_name = "Cam_2F_POV_Juni_Slaping_rtc_fadeblack_2",
		type = PSYS,
		template_name = "rtc_fadeblack_variable",
		lt_grp = 0, srt_grp = 0, usr_flg = 0,
		flags = LIT_DYNAMIC + LIT_AMBIENT,
		spatialprops =
		{
			pos = { 0, 0, 0 },
			orient = { { 1, 0, 0 }, { 0, 1, 0 }, { 0, 0, 1 } }
		},
		psysprops =
		{
			sparam = 0
		}
	},

	{
		entity_name = "Cam_2C_Wide_LonniganGoingDown_start",
		type = CAMERA,
		template_name = "",
		lt_grp = 0, srt_grp = 0, usr_flg = 0,
		flags = HIDDEN,
		spatialprops =
		{
			pos = { 52.69512, 0.370976, -45.66467 },
			orient = { { -0.403900,  0.000000,  0.914803 },
					   { -0.018818,  0.999788, -0.008308 },
					   { -0.914610, -0.020570, -0.403815 } }
		},
		cameraprops =
		{
			fovh = 15,
			hvaspect = 1.85,
			nearplane = 0.4,
			farplane = 7000
		}
	},

	{
		entity_name = "Cam_2C_Wide_LonniganGoingDown_end",
		type = CAMERA,
		template_name = "",
		lt_grp = 0, srt_grp = 0, usr_flg = 0,
		spatialprops =
		{
			pos = { 51.43525, 1.186234, -42.81339 },
			orient = { { -0.403901,  0.000000,  0.914803 },
					   { -0.018818,  0.999788, -0.008308 },
					   { -0.914609, -0.020570, -0.403815 } }
		},
		cameraprops =
		{
			fovh = 15,
			hvaspect = 1.85,
			nearplane = 0.4,
			farplane = 7000
		}
	},

	{
		entity_name = "Cam_2C_Wide_LonniganGoingDown_Dolly",
		type = CAMERA,
		template_name = "",
		lt_grp = 0, srt_grp = 0, usr_flg = 0,
		spatialprops =
		{
			pos = { 52.88269, 0.370976, -46.08951 },
			orient = { { -0.403901,  0.000001,  0.914803 },
					   { -0.018817,  0.999788, -0.008309 },
					   { -0.914609, -0.020570, -0.403816 } }
		},
		cameraprops =
		{
			fovh = 15,
			hvaspect = 1.85,
			nearplane = 0.4,
			farplane = 7000
		}
	},

	{
		entity_name = "Char_li_male_elite_2_A_Mrk_ToTrent",
		type = MARKER,
		template_name = "",
		lt_grp = 0, srt_grp = 0, usr_flg = 0,
		spatialprops =
		{
			pos = { 53.26079, 0, -44.76684 },
			orient = { { -0.544732,  0.000000,  0.838610 },
					   {  0.000000,  1.000000,  0.000000 },
					   { -0.838610,  0.000000, -0.544732 } }
		}
	},

	{
		entity_name = "Char_Trent_rtc_shockedvance_1",
		type = PSYS,
		template_name = "rtc_shockedvance",
		lt_grp = 0, srt_grp = 0, usr_flg = 0,
		flags = LIT_DYNAMIC + LIT_AMBIENT,
		spatialprops =
		{
			pos = { 0, 0, 0 },
			orient = { { 1, 0, 0 }, { 0, 1, 0 }, { 0, 0, 1 } }
		},
		psysprops =
		{
			sparam = 0
		}
	},

	{
		entity_name = "Cam_2D_OTS_TrentShocked",
		type = CAMERA,
		template_name = "",
		lt_grp = 0, srt_grp = 0, usr_flg = 0,
		flags = HIDDEN,
		spatialprops =
		{
			pos = { 54.57443, 1.895421, -43.81656 },
			orient = { { -0.392274,  0.000000,  0.919848 },
					   {  0.325924,  0.935123,  0.138992 },
					   { -0.860171,  0.354324, -0.366825 } }
		},
		cameraprops =
		{
			fovh = 20,
			hvaspect = 1.85,
			nearplane = 0.5,
			farplane = 7000
		}
	},

	{
		entity_name = "Cam_2E_POV_Trent_Down",
		type = CAMERA,
		template_name = "",
		lt_grp = 0, srt_grp = 0, usr_flg = 0,
		spatialprops =
		{
			pos = { 54.14284, -1.234733, -47.63499 },
			orient = { { -0.429254,  0.000000, -0.903184 },
					   {  0.626259,  0.720562, -0.297641 },
					   {  0.650800, -0.693391, -0.309304 } }
		},
		cameraprops =
		{
			fovh = 10,
			hvaspect = 1.85,
			nearplane = 0.4,
			farplane = 7000
		}
	},

	{
		entity_name = "Char_li_male_elite_2_B_Mrk",
		type = MARKER,
		template_name = "",
		lt_grp = 0, srt_grp = 0, usr_flg = 0,
		spatialprops =
		{
			pos = { 51.42264, 0, -46.84209 },
			orient = { { -0.865303,  0.000000,  0.501249 },
					   {  0.000000,  1.000000,  0.000000 },
					   { -0.501249,  0.000000, -0.865303 } }
		}
	},

	{
		entity_name = "Cam_1Z_Wide_RunnLonnigan",
		type = CAMERA,
		template_name = "",
		lt_grp = 0, srt_grp = 0, usr_flg = 0,
		flags = HIDDEN,
		spatialprops =
		{
			pos = { 65.58909, 0.520729, -32.06264 },
			orient = { {  0.903334, -0.104490, -0.416017 },
					   {  0.106273,  0.994157, -0.018941 },
					   {  0.415565, -0.027102,  0.909160 } }
		},
		cameraprops =
		{
			fovh = 20,
			hvaspect = 1.85,
			nearplane = 2,
			farplane = 7000
		}
	},

	{
		entity_name = "Char_li_male_elite_2_B_Prop_baton_stun_2",
		type = COMPOUND,
		template_name = "baton_stun",
		lt_grp = 0, srt_grp = 0, usr_flg = 0,
		flags = LIT_DYNAMIC,
		spatialprops =
		{
			pos = { -13223.77, 0, 1894.398 },
			orient = { { -0.227538,  0.000000,  0.973769 },
					   {  0.000000,  1.000000,  0.000000 },
					   { -0.973769,  0.000000, -0.227538 } }
		},
		userprops =
		{
			category = "Prop",
		}
	},

	{
		entity_name = "Cam_2G_POV_Trent_GettingSlapped",
		type = CAMERA,
		template_name = "",
		lt_grp = 0, srt_grp = 0, usr_flg = 0,
		flags = HIDDEN,
		spatialprops =
		{
			pos = { 57.44872, -0.542435, -46.60889 },
			orient = { { -0.233373, -0.146183, -0.961336 },
					   {  0.865942,  0.418508, -0.273855 },
					   {  0.442360, -0.896371,  0.028917 } }
		},
		cameraprops =
		{
			fovh = 10,
			hvaspect = 1.85,
			nearplane = 0.4,
			farplane = 7000
		}
	},

	{
		entity_name = "Cam_2F_POV_Juni_Slaping_rtc_fadeblack_Mrk",
		type = MARKER,
		template_name = "",
		lt_grp = 0, srt_grp = 0, usr_flg = 0,
		spatialprops =
		{
			pos = { 0, 0, 0 },
			orient = { { 1, 0, 0 }, { 0, 1, 0 }, { 0, 0, 1 } }
		}
	},

	{
		entity_name = "Cam_2F_POV_Juni_Slaping_Shake",
		type = CAMERA,
		template_name = "",
		lt_grp = 0, srt_grp = 0, usr_flg = 0,
		flags = HIDDEN,
		spatialprops =
		{
			pos = { 57.44872, -0.542435, -46.60889 },
			orient = { { -0.211430, -0.261182, -0.941850 },
					   {  0.858464,  0.411065, -0.306702 },
					   {  0.467266, -0.873390,  0.137304 } }
		},
		cameraprops =
		{
			fovh = 10,
			hvaspect = 1.85,
			nearplane = 0.4,
			farplane = 7000
		}
	},

	{
		entity_name = "Cam_2H_Wide_Trent_GettingUp",
		type = CAMERA,
		template_name = "",
		lt_grp = 0, srt_grp = 0, usr_flg = 0,
		flags = HIDDEN,
		spatialprops =
		{
			pos = { 58.5396, 0.716305, -44.50695 },
			orient = { {  0.627114,  0.000000,  0.778927 },
					   {  0.095230,  0.992498, -0.076670 },
					   { -0.773084,  0.122258,  0.622410 } }
		},
		cameraprops =
		{
			fovh = 30,
			hvaspect = 1.85,
			nearplane = 0.4,
			farplane = 7000
		}
	},

	{
		entity_name = "Cam_2J_TrentGettingUp_1",
		type = CAMERA,
		template_name = "",
		lt_grp = 0, srt_grp = 0, usr_flg = 0,
		flags = HIDDEN,
		spatialprops =
		{
			pos = { 58.76154, 0.574147, -43.95967 },
			orient = { {  0.783882,  0.000000,  0.620910 },
					   { -0.006112,  0.999952,  0.007716 },
					   { -0.620880, -0.009843,  0.783844 } }
		},
		cameraprops =
		{
			fovh = 20,
			hvaspect = 1.85,
			nearplane = 0.4,
			farplane = 7000
		}
	},

	{
		entity_name = "Cam_2J_TrentGettingUp_2",
		type = CAMERA,
		template_name = "",
		lt_grp = 0, srt_grp = 0, usr_flg = 0,
		flags = HIDDEN,
		spatialprops =
		{
			pos = { 58.64804, 1.589793, -44.20583 },
			orient = { {  0.676639,  0.000000,  0.736315 },
					   {  0.025746,  0.999389, -0.023659 },
					   { -0.735864,  0.034966,  0.676226 } }
		},
		cameraprops =
		{
			fovh = 20,
			hvaspect = 1.85,
			nearplane = 0.4,
			farplane = 7000
		}
	},

	{
		entity_name = "Cam_2J_TrentGettingUp_Dolly",
		type = CAMERA,
		template_name = "",
		lt_grp = 0, srt_grp = 0, usr_flg = 0,
		flags = HIDDEN,
		spatialprops =
		{
			pos = { 58.64804, 0.574147, -44.20583 },
			orient = { {  0.676639,  0.000000,  0.736315 },
					   { -0.007248,  0.999952,  0.006660 },
					   { -0.736279, -0.009843,  0.676606 } }
		},
		cameraprops =
		{
			fovh = 30,
			hvaspect = 1.85,
			nearplane = 0.5,
			farplane = 7000
		}
	},

	{
		entity_name = "Cam_2I_CU_King_helpingTrentUp",
		type = CAMERA,
		template_name = "",
		lt_grp = 0, srt_grp = 0, usr_flg = 0,
		flags = HIDDEN,
		spatialprops =
		{
			pos = { 59.15689, 0.668803, -45.25064 },
			orient = { {  0.203607,  0.000000,  0.979053 },
					   { -0.004763,  0.999988,  0.000991 },
					   { -0.979041, -0.004865,  0.203604 } }
		},
		cameraprops =
		{
			fovh = 30,
			hvaspect = 1.85,
			nearplane = 0.4,
			farplane = 7000
		}
	},

	{
		entity_name = "Cam_2K_CU_Juni_Whathappenedtoyou",
		type = CAMERA,
		template_name = "",
		lt_grp = 0, srt_grp = 0, usr_flg = 0,
		flags = HIDDEN,
		spatialprops =
		{
			pos = { 59.2161, 1.451419, -44.73527 },
			orient = { {  0.997985,  0.000000, -0.063446 },
					   {  0.002781,  0.999039,  0.043739 },
					   {  0.063385, -0.043828,  0.997026 } }
		},
		cameraprops =
		{
			fovh = 20,
			hvaspect = 1.85,
			nearplane = 0.7,
			farplane = 7000
		}
	},

	{
		entity_name = "Cam_2L_TrentGettingUp_3Shot",
		type = CAMERA,
		template_name = "",
		lt_grp = 0, srt_grp = 0, usr_flg = 0,
		flags = HIDDEN,
		spatialprops =
		{
			pos = { 58.37368, 1.702143, -43.2438 },
			orient = { {  0.854552,  0.000000,  0.519366 },
					   {  0.071515,  0.990474, -0.117669 },
