duration = 84.876;

entities =
{

	{
		entity_name = "Layer_Scene_s014b_Accept_pl_03_commons",
		type = SCENE,
		template_name = "",
		lt_grp = 0, srt_grp = 0, usr_flg = 0,
		spatialprops =
		{
			pos = { 0, 0, 0 },
			orient = { { 1, 0, 0 }, { 0, 1, 0 }, { 0, 0, 1 } }
		},
		up = Y_AXIS,
		front = Z_AXIS,
		ambient = { 0, 0, 0 }
	},

	{
		entity_name = "Char_Juni",
		type = DEFORMABLE,
		template_name = "juni",
		lt_grp = 0, srt_grp = 0, usr_flg = 0,
		flags = LIT_DYNAMIC,
		spatialprops =
		{
			pos = { 4.225732, 0, -4.445619 },
			orient = { { -0.655670,  0.000000, -0.755048 },
					   {  0.000000,  1.000000,  0.000000 },
					   {  0.755048,  0.000000, -0.655670 } }
		},
		compoundprops =
		{
			floor_height = 0
		},
		userprops =
		{
			actor = "juni",
			category = "Character",
		}
	},

	{
		entity_name = "Char_Trent",
		type = DEFORMABLE,
		template_name = "trent",
		lt_grp = 0, srt_grp = 0, usr_flg = 0,
		flags = LIT_DYNAMIC,
		spatialprops =
		{
			pos = { 4.11454, 0, -3.030359 },
			orient = { {  0.762782,  0.000000, -0.646656 },
					   {  0.000000,  1.000000,  0.000000 },
					   {  0.646656,  0.000000,  0.762782 } }
		},
		compoundprops =
		{
			floor_height = 0
		},
		userprops =
		{
			actor = "player",
			category = "Character",
		}
	},

	{
		entity_name = "Z_dx_s014b_0101_Trent",
		type = SOUND,
		template_name = "dx_s014b_0101_Trent",
		lt_grp = 0, srt_grp = 0, usr_flg = 0,
		spatialprops =
		{
			pos = { 0, 0, 0 },
			orient = { { 1, 0, 0 }, { 0, 1, 0 }, { 0, 0, 1 } }
		},
		audioprops =
		{
			attenuation = -1,
			pan = 0,
			dmin = 50,
			dmax = 1000,
			ain = 360,
			aout = 360,
			atout = 0,
			rmix = 0,
		},
		userprops =
		{
			category = "Audio",
		}
	},

	{
		entity_name = "Z_dx_s014b_0301_Trent",
		type = SOUND,
		template_name = "dx_s014b_0301_Trent",
		lt_grp = 0, srt_grp = 0, usr_flg = 0,
		spatialprops =
		{
			pos = { 0, 0, 0 },
			orient = { { 1, 0, 0 }, { 0, 1, 0 }, { 0, 0, 1 } }
		},
		audioprops =
		{
			attenuation = -1,
			pan = 0,
			dmin = 50,
			dmax = 1000,
			ain = 360,
			aout = 360,
			atout = 0,
			rmix = 0,
		},
		userprops =
		{
			category = "Audio",
		}
	},

	{
		entity_name = "Z_dx_s014b_0201_juni",
		type = SOUND,
		template_name = "dx_s014b_0201_juni",
		lt_grp = 0, srt_grp = 0, usr_flg = 0,
		spatialprops =
		{
			pos = { 0, 0, 0 },
			orient = { { 1, 0, 0 }, { 0, 1, 0 }, { 0, 0, 1 } }
		},
		audioprops =
		{
			attenuation = -1,
			pan = 0,
			dmin = 50,
			dmax = 1000,
			ain = 360,
			aout = 360,
			atout = 0,
			rmix = 0,
		},
		userprops =
		{
			category = "Audio",
		}
	},

	{
		entity_name = "Z_dx_s014b_0202_juni",
		type = SOUND,
		template_name = "dx_s014b_0202_juni",
		lt_grp = 0, srt_grp = 0, usr_flg = 0,
		spatialprops =
		{
			pos = { 0, 0, 0 },
			orient = { { 1, 0, 0 }, { 0, 1, 0 }, { 0, 0, 1 } }
		},
		audioprops =
		{
			attenuation = -1,
			pan = 0,
			dmin = 50,
			dmax = 1000,
			ain = 360,
			aout = 360,
			atout = 0,
			rmix = 0,
		},
		userprops =
		{
			category = "Audio",
		}
	},

	{
		entity_name = "Z_dx_s014b_0203_juni",
		type = SOUND,
		template_name = "dx_s014b_0203_juni",
		lt_grp = 0, srt_grp = 0, usr_flg = 0,
		spatialprops =
		{
			pos = { 0, 0, 0 },
			orient = { { 1, 0, 0 }, { 0, 1, 0 }, { 0, 0, 1 } }
		},
		audioprops =
		{
			attenuation = -1,
			pan = 0,
			dmin = 50,
			dmax = 1000,
			ain = 360,
			aout = 360,
			atout = 0,
			rmix = 0,
		},
		userprops =
		{
			category = "Audio",
		}
	},

	{
		entity_name = "Z_dx_s014b_0204_juni",
		type = SOUND,
		template_name = "dx_s014b_0204_juni",
		lt_grp = 0, srt_grp = 0, usr_flg = 0,
		spatialprops =
		{
			pos = { 0, 0, 0 },
			orient = { { 1, 0, 0 }, { 0, 1, 0 }, { 0, 0, 1 } }
		},
		audioprops =
		{
			attenuation = -1,
			pan = 0,
			dmin = 50,
			dmax = 1000,
			ain = 360,
			aout = 360,
			atout = 0,
			rmix = 0,
		},
		userprops =
		{
			category = "Audio",
		}
	},

	{
		entity_name = "Z_dx_s014b_0205_juni",
		type = SOUND,
		template_name = "dx_s014b_0205_juni",
		lt_grp = 0, srt_grp = 0, usr_flg = 0,
		spatialprops =
		{
			pos = { 0, 0, 0 },
			orient = { { 1, 0, 0 }, { 0, 1, 0 }, { 0, 0, 1 } }
		},
		audioprops =
		{
			attenuation = -1,
			pan = 0,
			dmin = 50,
			dmax = 1000,
			ain = 360,
			aout = 360,
			atout = 0,
			rmix = 0,
		},
		userprops =
		{
			category = "Audio",
		}
	},

	{
		entity_name = "Z_dx_s014b_0401_juni",
		type = SOUND,
		template_name = "dx_s014b_0401_juni",
		lt_grp = 0, srt_grp = 0, usr_flg = 0,
		spatialprops =
		{
			pos = { 0, 0, 0 },
			orient = { { 1, 0, 0 }, { 0, 1, 0 }, { 0, 0, 1 } }
		},
		audioprops =
		{
			attenuation = -1,
			pan = 0,
			dmin = 50,
			dmax = 1000,
			ain = 360,
			aout = 360,
			atout = 0,
			rmix = 0,
		},
		userprops =
		{
			category = "Audio",
		}
	},

	{
		entity_name = "Z_dx_s014b_0601_Trent",
		type = SOUND,
		template_name = "dx_s014b_0601_Trent",
		lt_grp = 0, srt_grp = 0, usr_flg = 0,
		spatialprops =
		{
			pos = { 0, 0, 0 },
			orient = { { 1, 0, 0 }, { 0, 1, 0 }, { 0, 0, 1 } }
		},
		audioprops =
		{
			attenuation = -1,
			pan = 0,
			dmin = 50,
			dmax = 1000,
			ain = 360,
			aout = 360,
			atout = 0,
			rmix = 0,
		},
		userprops =
		{
			category = "Audio",
		}
	},

	{
		entity_name = "Z_dx_s014b_0901_Trent",
		type = SOUND,
		template_name = "dx_s014b_0901_Trent",
		lt_grp = 0, srt_grp = 0, usr_flg = 0,
		spatialprops =
		{
			pos = { 0, 0, 0 },
			orient = { { 1, 0, 0 }, { 0, 1, 0 }, { 0, 0, 1 } }
		},
		audioprops =
		{
			attenuation = -1,
			pan = 0,
			dmin = 50,
			dmax = 1000,
			ain = 360,
			aout = 360,
			atout = 0,
			rmix = 0,
		},
		userprops =
		{
			category = "Audio",
		}
	},

	{
		entity_name = "Z_dx_s014b_1101_juni",
		type = SOUND,
		template_name = "dx_s014b_1101_juni",
		lt_grp = 0, srt_grp = 0, usr_flg = 0,
		spatialprops =
		{
			pos = { 0, 0, 0 },
			orient = { { 1, 0, 0 }, { 0, 1, 0 }, { 0, 0, 1 } }
		},
		audioprops =
		{
			attenuation = -1,
			pan = 0,
			dmin = 50,
			dmax = 1000,
			ain = 360,
			aout = 360,
			atout = 0,
			rmix = 0,
		},
		userprops =
		{
			category = "Audio",
		}
	},

	{
		entity_name = "Z_dx_s014b_1201_Trent",
		type = SOUND,
		template_name = "dx_s014b_1201_Trent",
		lt_grp = 0, srt_grp = 0, usr_flg = 0,
		spatialprops =
		{
			pos = { 0, 0, 0 },
			orient = { { 1, 0, 0 }, { 0, 1, 0 }, { 0, 0, 1 } }
		},
		audioprops =
		{
			attenuation = -1,
			pan = 0,
			dmin = 50,
			dmax = 1000,
			ain = 360,
			aout = 360,
			atout = 0,
			rmix = 0,
		},
		userprops =
		{
			category = "Audio",
		}
	},

	{
		entity_name = "Z_dx_s014b_1301_juni",
		type = SOUND,
		template_name = "dx_s014b_1301_juni",
		lt_grp = 0, srt_grp = 0, usr_flg = 0,
		spatialprops =
		{
			pos = { 0, 0, 0 },
			orient = { { 1, 0, 0 }, { 0, 1, 0 }, { 0, 0, 1 } }
		},
		audioprops =
		{
			attenuation = -1,
			pan = 0,
			dmin = 50,
			dmax = 1000,
			ain = 360,
			aout = 360,
			atout = 0,
			rmix = 0,
		},
		userprops =
		{
			category = "Audio",
		}
	},

	{
		entity_name = "Z_dx_s014b_1401_Trent",
		type = SOUND,
		template_name = "dx_s014b_1401_Trent",
		lt_grp = 0, srt_grp = 0, usr_flg = 0,
		spatialprops =
		{
			pos = { 0, 0, 0 },
			orient = { { 1, 0, 0 }, { 0, 1, 0 }, { 0, 0, 1 } }
		},
		audioprops =
		{
			attenuation = -1,
			pan = 0,
			dmin = 50,
			dmax = 1000,
			ain = 360,
			aout = 360,
			atout = 0,
			rmix = 0,
		},
		userprops =
		{
			category = "Audio",
		}
	},

	{
		entity_name = "Z_dx_s014b_1501_Trent",
		type = SOUND,
		template_name = "dx_s014b_1501_Trent",
		lt_grp = 0, srt_grp = 0, usr_flg = 0,
		spatialprops =
		{
			pos = { 0, 0, 0 },
			orient = { { 1, 0, 0 }, { 0, 1, 0 }, { 0, 0, 1 } }
		},
		audioprops =
		{
			attenuation = -1,
			pan = 0,
			dmin = 50,
			dmax = 1000,
			ain = 360,
			aout = 360,
			atout = 0,
			rmix = 0,
		},
		userprops =
		{
			category = "Audio",
		}
	},

	{
		entity_name = "Z_dx_s014b_1402_Trent",
		type = SOUND,
		template_name = "dx_s014b_1402_Trent",
		lt_grp = 0, srt_grp = 0, usr_flg = 0,
		spatialprops =
		{
			pos = { 0, 0, 0 },
			orient = { { 1, 0, 0 }, { 0, 1, 0 }, { 0, 0, 1 } }
		},
		audioprops =
		{
			attenuation = -1,
			pan = 0,
			dmin = 50,
			dmax = 1000,
			ain = 360,
			aout = 360,
			atout = 0,
			rmix = 0,
		},
		userprops =
		{
			category = "Audio",
		}
	},

	{
		entity_name = "Z_dx_s014b_1701_juni",
		type = SOUND,
		template_name = "dx_s014b_1701_juni",
		lt_grp = 0, srt_grp = 0, usr_flg = 0,
		spatialprops =
		{
			pos = { 0, 0, 0 },
			orient = { { 1, 0, 0 }, { 0, 1, 0 }, { 0, 0, 1 } }
		},
		audioprops =
		{
			attenuation = -1,
			pan = 0,
			dmin = 50,
			dmax = 1000,
			ain = 180,
			aout = 180,
			atout = 0,
			rmix = 0,
		},
		userprops =
		{
			category = "Audio",
		}
	},

	{
		entity_name = "Z_dx_s014b_1801_li_news",
		type = SOUND,
		template_name = "dx_s014b_1801_li_news",
		lt_grp = 0, srt_grp = 0, usr_flg = 0,
		spatialprops =
		{
			pos = { 0, 0, 0 },
			orient = { { 1, 0, 0 }, { 0, 1, 0 }, { 0, 0, 1 } }
		},
		audioprops =
		{
			attenuation = -35,
			pan = -80,
			dmin = 50,
			dmax = 1000,
			ain = 180,
			aout = 180,
			atout = 0,
			rmix = 0,
		},
		userprops =
		{
			category = "Audio",
		}
	},

	{
		entity_name = "Cam_Monitor_s014b",
		type = MONITOR,
		template_name = "",
		lt_grp = 0, srt_grp = 0, usr_flg = 0,
		userprops =
		{
			Priority = "Monitor_Moving_1",
		}
	},

	{
		entity_name = "Mrk_News_Monitor",
		type = MARKER,
		template_name = "",
		lt_grp = 0, srt_grp = 0, usr_flg = 0,
		spatialprops =
		{
			pos = { 0.891698, 1.180073, -7.897052 },
			orient = { { 1, 0, 0 }, { 0, 1, 0 }, { 0, 0, 1 } }
		}
	},

	{
		entity_name = "Cam_B_Ref_1",
		type = CAMERA,
		template_name = "",
		lt_grp = 0, srt_grp = 0, usr_flg = 0,
		flags = HIDDEN,
		spatialprops =
		{
			pos = { 1.551728, 1.131467, -3.788115 },
			orient = { { -0.046560,  0.000000,  0.998915 },
					   {  0.105610,  0.994395,  0.004923 },
					   { -0.993317,  0.105725, -0.046299 } }
		},
		cameraprops =
		{
			fovh = 22,
			hvaspect = 1.85,
			nearplane = 0.3,
			farplane = 5000
		}
	},

	{
		entity_name = "Char_Juni_Mrk_Looks_Trent",
		type = MARKER,
		template_name = "",
		lt_grp = 0, srt_grp = 0, usr_flg = 0,
		spatialprops =
		{
			pos = { 3.820279, 1.303101, -3.037097 },
			orient = { {  0.739258,  0.000000, -0.673422 },
					   {  0.000000,  1.000000,  0.000000 },
					   {  0.673422,  0.000000,  0.739258 } }
		}
	},

	{
		entity_name = "Char_Trent_Mrk_Sit",
		type = MARKER,
		template_name = "",
		lt_grp = 0, srt_grp = 0, usr_flg = 0,
		spatialprops =
		{
			pos = { 4.11454, 0, -3.030359 },
			orient = { {  0.762782,  0.000000, -0.646656 },
					   {  0.000000,  1.000000,  0.000000 },
					   {  0.646656,  0.000000,  0.762782 } }
		}
	},

	{
		entity_name = "Mrk_News_Monitor_Juni",
		type = MARKER,
		template_name = "",
		lt_grp = 0, srt_grp = 0, usr_flg = 0,
		spatialprops =
		{
			pos = { 0.052114, 2.369302, -6.214026 },
			orient = { { 1, 0, 0 }, { 0, 1, 0 }, { 0, 0, 1 } }
		}
	},

	{
		entity_name = "Char_Juni_Mrk_Sits",
		type = MARKER,
		template_name = "",
		lt_grp = 0, srt_grp = 0, usr_flg = 0,
		spatialprops =
		{
			pos = { 4.225732, 0, -4.445619 },
			orient = { { -0.655670,  0.000000, -0.755048 },
					   {  0.000000,  1.000000,  0.000000 },
					   {  0.755048,  0.000000, -0.655670 } }
		}
	},

	{
		entity_name = "Char_Juni_Mrk_Pivot_Walk",
		type = MARKER,
		template_name = "",
		lt_grp = 0, srt_grp = 0, usr_flg = 0,
		spatialprops =
		{
			pos = { 3.642951, 0.912917, -4.951501 },
			orient = { {  0.886629,  0.000000,  0.462482 },
					   {  0.000000,  1.000000,  0.000000 },
					   { -0.462482,  0.000000,  0.886629 } }
		}
	},

	{
		entity_name = "Ship_l_freighter_1",
		type = COMPOUND,
		template_name = "rtcprop_l_freighter",
		lt_grp = 3, srt_grp = 0, usr_flg = 0,
		flags = LIT_DYNAMIC,
		spatialprops =
		{
			pos = { 35.41048, -0.818109, -47 },
			orient = { { -0.996958,  0.000000,  0.077945 },
					   {  0.000000,  1.000000,  0.000000 },
					   { -0.077945,  0.000000, -0.996958 } }
		},
		userprops =
		{
			category = "Spaceship",
		}
	},

	{
		entity_name = "Char_Trent_Mrk_Looks_Juni",
		type = MARKER,
		template_name = "",
		lt_grp = 0, srt_grp = 0, usr_flg = 0,
		spatialprops =
		{
			pos = { 4.173788, 1.051867, -4.366256 },
			orient = { { -0.680377,  0.000000, -0.732862 },
					   {  0.000000,  1.000000,  0.000000 },
					   {  0.732862,  0.000000, -0.680377 } }
		}
	},

	{
		entity_name = "Char_Trent_Mrk_Pivots_On_Exit_1",
		type = MARKER,
		template_name = "",
		lt_grp = 0, srt_grp = 0, usr_flg = 0,
		spatialprops =
		{
			pos = { 4.405583, 0.925889, -3.39935 },
			orient = { {  0.852211,  0.000000, -0.523198 },
					   {  0.000000,  1.000000,  0.000000 },
					   {  0.523198,  0.000000,  0.852211 } }
		}
	},

	{
		entity_name = "Cam_G_Trent_Single_Slightly_Wider",
		type = CAMERA,
		template_name = "",
		lt_grp = 0, srt_grp = 0, usr_flg = 0,
		flags = HIDDEN,
		spatialprops =
		{
			pos = { 2.85304, 1.153215, -4.297657 },
			orient = { { -0.651590,  0.000000,  0.758571 },
					   {  0.059594,  0.996909,  0.051189 },
					   { -0.756227,  0.078560, -0.649576 } }
		},
		cameraprops =
		{
			fovh = 22,
			hvaspect = 1.85,
			nearplane = 0.3,
			farplane = 5000
		}
	},

	{
		entity_name = "Cam_F_Single_Juni",
		type = CAMERA,
		template_name = "",
		lt_grp = 0, srt_grp = 0, usr_flg = 0,
		flags = HIDDEN,
		spatialprops =
		{
			pos = { 2.889294, 1.307633, -3.808019 },
			orient = { {  0.256704,  0.000000,  0.966490 },
					   {  0.246716,  0.966870, -0.065529 },
					   { -0.934470,  0.255270,  0.248200 } }
		},
		cameraprops =
		{
			fovh = 22,
			hvaspect = 1.85,
			nearplane = 0.3,
			farplane = 5000
		}
	},

	{
		entity_name = "Cam_A",
		type = CAMERA,
		template_name = "",
		lt_grp = 0, srt_grp = 0, usr_flg = 0,
		flags = HIDDEN,
		spatialprops =
		{
			pos = { 3.223401, 1.166365, -4.268103 },
			orient = { { -0.773651,  0.000000,  0.633612 },
					   {  0.041477,  0.997855,  0.050645 },
					   { -0.632253,  0.065462, -0.771992 } }
		},
		cameraprops =
		{
			fovh = 22,
			hvaspect = 1.85,
			nearplane = 0.7,
			farplane = 5000
		}
	},

	{
		entity_name = "Cam_B_Master",
		type = CAMERA,
		template_name = "",
		lt_grp = 0, srt_grp = 0, usr_flg = 0,
		flags = HIDDEN,
		spatialprops =
		{
			pos = { 1.625298, 1.133982, -3.118351 },
			orient = { {  0.244893,  0.000000,  0.969550 },
					   {  0.098125,  0.994865, -0.024785 },
					   { -0.964572,  0.101207,  0.243635 } }
		},
		cameraprops =
		{
			fovh = 22,
			hvaspect = 1.85,
			nearplane = 1,
			farplane = 5000
		}
	},

	{
		entity_name = "Cam_C_Single_Juni",
		type = CAMERA,
		template_name = "",
		lt_grp = 0, srt_grp = 0, usr_flg = 0,
		flags = HIDDEN,
		spatialprops =
		{
			pos = { 2.879233, 1.230043, -3.19083 },
			orient = { {  0.610468,  0.000000,  0.792041 },
					   {  0.130047,  0.986428, -0.100234 },
					   { -0.781291,  0.164192,  0.602183 } }
		},
		cameraprops =
		{
			fovh = 20,
			hvaspect = 1.85,
			nearplane = 0.4,
			farplane = 1500
		}
	},

	{
		entity_name = "Char_Trent_Mrk_Hand_L_IK",
		type = MARKER,
		template_name = "",
		lt_grp = 0, srt_grp = 0, usr_flg = 0,
		spatialprops =
		{
			pos = { 3.551067, 0.814786, -3.456503 },
			orient = { {  0.858099,  0.000000, -0.513485 },
					   {  0.000000,  1.000000,  0.000000 },
					   {  0.513485,  0.000000,  0.858099 } }
		}
	},

	{
		entity_name = "Char_Trent_Mrk_Hand_R_IK",
		type = MARKER,
		template_name = "",
		lt_grp = 0, srt_grp = 0, usr_flg = 0,
		spatialprops =
		{
			pos = { 3.859819, 0.720614, -3.370717 },
			orient = { {  0.855194,  0.082211, -0.511747 },
					   { -0.070546,  0.996615,  0.042214 },
					   {  0.513485,  0.000000,  0.858099 } }
		}
	},

	{
		entity_name = "Ship_Mrk_Destination",
		type = MARKER,
		template_name = "",
		lt_grp = 0, srt_grp = 0, usr_flg = 0,
		spatialprops =
		{
			pos = { 41.39944, 4.620519, 50.68561 },
			orient = { { -0.996089,  0.043574,  0.076860 },
					   {  0.035555,  0.994068, -0.102787 },
					   { -0.080883, -0.099652, -0.991729 } }
		}
	},

	{
		entity_name = "Ship_l_freighter_1_engine_li_small_1",
		type = SOUND,
		template_name = "engine_li_small",
		lt_grp = 0, srt_grp = 0, usr_flg = 0,
		flags = SPATIAL,
		spatialprops =
		{
			pos = { 0, 0, 0 },
			orient = { { 1, 0, 0 }, { 0, 1, 0 }, { 0, 0, 1 } }
		},
		audioprops =
		{
			attenuation = -22,
			pan = 0,
			dmin = 50,
			dmax = 1000,
			ain = 360,
			aout = 360,
			atout = 0,
			rmix = 0,
		},
		userprops =
		{
			category = "Audio",
		}
	},

	{
		entity_name = "Mrk_Look_Exit_Door",
		type = MARKER,
		template_name = "",
		lt_grp = 0, srt_grp = 0, usr_flg = 0,
		spatialprops =
		{
			pos = { 5.565659, 1.606255, -8.791893 },
			orient = { { 1, 0, 0 }, { 0, 1, 0 }, { 0, 0, 1 } }
		}
	},

	{
		entity_name = "Char_Juni_Mrk_Arm_Lower_R_IK",
		type = MARKER,
		template_name = "",
		lt_grp = 0, srt_grp = 0, usr_flg = 0,
		spatialprops =
		{
			pos = { 3.617291, 0.94351, -4.060846 },
			orient = { { -0.003743, -0.001306,  0.999992 },
					   {  0.999791, -0.020110,  0.003716 },
					   {  0.020105,  0.999797,  0.001381 } }
		}
	},

	{
		entity_name = "Mrk_Extra_Snap",
		type = MARKER,
		template_name = "",
		lt_grp = 0, srt_grp = 0, usr_flg = 0,
		spatialprops =
		{
			pos = { 5.446527, 0.972884, -1.077427 },
			orient = { {  0.999929,  0.000000, -0.011885 },
					   {  0.000000,  1.000000,  0.000000 },
					   {  0.011885,  0.000000,  0.999929 } }
		}
	},

	{
		entity_name = "Cam_D_Mrk_Around",
		type = MARKER,
		template_name = "",
		lt_grp = 0, srt_grp = 0, usr_flg = 0,
		flags = HIDDEN,
		spatialprops =
		{
			pos = { 2.086376, 1.066537, -3.818704 },
			orient = { { -0.048000,  0.000000,  0.998847 },
					   {  0.080197,  0.996772,  0.003854 },
					   { -0.995623,  0.080289, -0.047845 } }
		}
	},

	{
		entity_name = "Cam_D_Dolly_Master",
		type = CAMERA,
		template_name = "",
		lt_grp = 0, srt_grp = 0, usr_flg = 0,
		flags = HIDDEN,
		spatialprops =
		{
			pos = { 2.188228, 1.058323, -3.81381 },
			orient = { { -0.052381,  0.000000,  0.998627 },
					   {  0.101873,  0.994783,  0.005344 },
					   { -0.993417,  0.102013, -0.052107 } }
		},
		cameraprops =
		{
			fovh = 28,
			hvaspect = 1.85,
			nearplane = 0.7,
			farplane = 5000
		}
	},

	{
		entity_name = "Cam_D_Mrk_Target_1",
		type = CAMERA,
		template_name = "",
		lt_grp = 0, srt_grp = 0, usr_flg = 0,
		flags = HIDDEN,
		spatialprops =
		{
			pos = { 2.657236, 1.311814, -2.122169 },
			orient = { {  0.818630,  0.000000,  0.574321 },
					   {  0.104286,  0.983376, -0.148647 },
					   { -0.564773,  0.181581,  0.805021 } }
		},
		cameraprops =
		{
			fovh = 28,
			hvaspect = 1.85,
			nearplane = 0.3,
			farplane = 8000
		}
	},

	{
		entity_name = "Cam_D_Mrk_Target_2",
		type = CAMERA,
		template_name = "",
		lt_grp = 0, srt_grp = 0, usr_flg = 0,
		flags = HIDDEN,
		spatialprops =
		{
			pos = { 3.907791, 1.227624, -1.884878 },
			orient = { {  0.972781,  0.000000, -0.231728 },
					   { -0.027845,  0.992754, -0.116893 },
					   {  0.230049,  0.120164,  0.965732 } }
		},
		cameraprops =
		{
			fovh = 28,
			hvaspect = 1.85,
			nearplane = 0.3,
			farplane = 8000
		}
	},

	{
		entity_name = "Cam_D_Mrk_Target_3",
		type = CAMERA,
		template_name = "",
		lt_grp = 0, srt_grp = 0, usr_flg = 0,
		flags = HIDDEN,
		spatialprops =
		{
			pos = { 4.65223, 1.23921, -2.538404 },
			orient = { {  0.788785,  0.000000, -0.614669 },
					   { -0.082676,  0.990913, -0.106096 },
					   {  0.609084,  0.134505,  0.781617 } }
		},
		cameraprops =
		{
			fovh = 28,
			hvaspect = 1.85,
			nearplane = 0.3,
			farplane = 8000
		}
	},

	{
		entity_name = "Char_Juni_Mrk_Hand_R_IK",
		type = MARKER,
		template_name = "",
		lt_grp = 0, srt_grp = 0, usr_flg = 0,
		spatialprops =
		{
			pos = { 3.511642, 1.037314, -4.375878 },
			orient = { { -0.003743, -0.001306,  0.999992 },
					   {  0.999791, -0.020110,  0.003716 },
					   {  0.020105,  0.999797,  0.001381 } }
		}
	},

	{
		entity_name = "Char_Juni_Mrk_Arm_Upper_R_IK",
		type = MARKER,
		template_name = "",
		lt_grp = 0, srt_grp = 0, usr_flg = 0,
		spatialprops =
		{
			pos = { 2.550881, -1.994461, -2.432416 },
			orient = { { -0.003743, -0.001306,  0.999992 },
					   {  0.999791, -0.020110,  0.003716 },
					   {  0.020105,  0.999797,  0.001381 } }
		}
	},

	{
		entity_name = "Char_Juni_MK_Head_Tilt_IK",
		type = MARKER,
		template_name = "",
		lt_grp = 0, srt_grp = 0, usr_flg = 0,
		spatialprops =
		{
			pos = { 5.303567, 1.10284, -4.036134 },
			orient = { { -0.003743, -0.001306,  0.999992 },
					   {  0.999791, -0.020110,  0.003716 },
					   {  0.020105,  0.999797,  0.001381 } }
		}
	},

	{
		entity_name = "Char_Trent_Mrk_Right_LArm",
		type = MARKER,
		template_name = "",
		lt_grp = 0, srt_grp = 0, usr_flg = 0,
		spatialprops =
		{
			pos = { 4.178006, 0.857518, -3.474491 },
			orient = { {  0.790846,  0.000000, -0.612015 },
					   {  0.000000,  1.000000,  0.000000 },
					   {  0.612015,  0.000000,  0.790846 } }
		}
	},

	{
		entity_name = "Char_Trent_Mrk_Right_UArm",
		type = MARKER,
		template_name = "",
		lt_grp = 0, srt_grp = 0, usr_flg = 0,
		spatialprops =
		{
			pos = { 4.191772, 0.857518, -3.330652 },
			orient = { {  0.790846,  0.000000, -0.612015 },
					   {  0.000000,  1.000000,  0.000000 },
					   {  0.612015,  0.000000,  0.790846 } }
		}
	},

	{
		entity_name = "Char_Trent_Mrk_Torso",
		type = MARKER,
		template_name = "",
		lt_grp = 0, srt_grp = 0, usr_flg = 0,
		spatialprops =
		{
			pos = { 3.702766, 0.715041, -3.40551 },
			orient = { {  0.790846,  0.000000, -0.612015 },
					   {  0.000000,  1.000000,  0.000000 },
					   {  0.612015,  0.000000,  0.790846 } }
		}
	},

	{
		entity_name = "Char_Juni_Mrk_Right_Hand",
		type = MARKER,
		template_name = "",
		lt_grp = 0, srt_grp = 0, usr_flg = 0,
		spatialprops =
		{
			pos = { 3.61055, 0.867553, -4.227279 },
			orient = { { -0.003743, -0.001306,  0.999992 },
					   {  0.999791, -0.020110,  0.003716 },
					   {  0.020105,  0.999797,  0.001381 } }
		}
	},

	{
		entity_name = "Char_Juni_Mrk_Right_LArm",
		type = MARKER,
		template_name = "",
		lt_grp = 0, srt_grp = 0, usr_flg = 0,
		spatialprops =
		{
			pos = { 3.698672, 0.848109, -4.315197 },
			orient = { { -0.714188,  0.000000, -0.699954 },
					   {  0.000000,  1.000000,  0.000000 },
					   {  0.699954,  0.000000, -0.714188 } }
		}
	},

	{
		entity_name = "Char_Juni_Mrk_Right_UArm",
		type = MARKER,
		template_name = "",
		lt_grp = 0, srt_grp = 0, usr_flg = 0,
		spatialprops =
		{
			pos = { 3.801853, 0.7613, -4.420476 },
			orient = { { -0.714188,  0.000000, -0.699954 },
					   {  0.000000,  1.000000,  0.000000 },
					   {  0.699954,  0.000000, -0.714188 } }
		}
	},

	{
		entity_name = "Char_Juni_Mrk_Torso",
		type = MARKER,
		template_name = "",
		lt_grp = 0, srt_grp = 0, usr_flg = 0,
		spatialprops =
		{
			pos = { 3.845594, 0.547645, -3.966829 },
			orient = { { -0.714221,  0.000000, -0.699921 },
					   {  0.000000,  1.000000,  0.000000 },
					   {  0.699921,  0.000000, -0.714221 } }
		}
	},

	{
		entity_name = "Char_Juni_Mrk_Left_Hand",
		type = MARKER,
		template_name = "",
		lt_grp = 0, srt_grp = 0, usr_flg = 0,
		spatialprops =
		{
			pos = { 4.050637, 0.991006, -3.678647 },
			orient = { {  0.912018, -0.065859,  0.404828 },
					   {  0.072118,  0.997396, -0.000210 },
					   { -0.403760,  0.029387,  0.914393 } }
		}
	},

	{
		entity_name = "Char_Juni_Mrk_Left_LArm",
		type = MARKER,
		template_name = "",
		lt_grp = 0, srt_grp = 0, usr_flg = 0,
		spatialprops =
		{
			pos = { 3.996932, 0.914556, -3.751592 },
			orient = { { -0.714188,  0.000000, -0.699954 },
					   {  0.000000,  1.000000,  0.000000 },
					   {  0.699954,  0.000000, -0.714188 } }
		}
	},

	{
		entity_name = "Char_Juni_Mrk_Left_UArm",
		type = MARKER,
		template_name = "",
		lt_grp = 0, srt_grp = 0, usr_flg = 0,
		spatialprops =
		{
			pos = { 4.116317, 0.7613, -3.915568 },
			orient = { { -0.714188,  0.000000, -0.699954 },
					   {  0.000000,  1.000000,  0.000000 },
					   {  0.699954,  0.000000, -0.714188 } }
		}
	},

	{
		entity_name = "Char_Juni_Mrk_Left_Hand_Ref",
		type = MARKER,
		template_name = "",
		lt_grp = 0, srt_grp = 0, usr_flg = 0,
		spatialprops =
		{
			pos = { 4.093063, 0.916449, -3.657517 },
			orient = { {  0.912018, -0.065859,  0.404828 },
					   {  0.072118,  0.997396, -0.000210 },
					   { -0.403760,  0.029387,  0.914393 } }
		}
	},

	{
		entity_name = "Char_Juni_Mrk_Torso_2",
		type = MARKER,
		template_name = "",
		lt_grp = 0, srt_grp = 0, usr_flg = 0,
		spatialprops =
		{
			pos = { 3.866173, 0.483053, -3.946661 },
			orient = { { -0.714221,  0.000000, -0.699921 },
					   {  0.000000,  1.000000,  0.000000 },
					   {  0.699921,  0.000000, -0.714221 } }
		}
	},

	{
		entity_name = "Char_Juni_Mrk_Right_Hand_2",
		type = MARKER,
		template_name = "",
		lt_grp = 0, srt_grp = 0, usr_flg = 0,
		spatialprops =
		{
			pos = { 3.455034, 0.777527, -3.973801 },
			orient = { { -0.003743, -0.001306,  0.999992 },
					   {  0.999791, -0.020110,  0.003716 },
					   {  0.020105,  0.999797,  0.001381 } }
		}
	},

	{
		entity_name = "Char_Juni_Mrk_Torso_TV",
		type = MARKER,
		template_name = "",
		lt_grp = 0, srt_grp = 0, usr_flg = 0,
		spatialprops =
		{
			pos = { 3.748415, 0.458495, -4.038382 },
			orient = { { -0.636536,  0.000000, -0.771247 },
					   {  0.000000,  1.000000,  0.000000 },
					   {  0.771247,  0.000000, -0.636536 } }
		}
	},

	{
		entity_name = "Char_Juni_Mrk_Left_Hand_TV",
		type = MARKER,
		template_name = "",
		lt_grp = 0, srt_grp = 0, usr_flg = 0,
		spatialprops =
		{
			pos = { 3.876263, 0.825101, -3.801617 },
			orient = { {  0.912018, -0.065859,  0.404828 },
					   {  0.072118,  0.997396, -0.000210 },
					   { -0.403760,  0.029387,  0.914393 } }
		}
	},

	{
		entity_name = "Char_Juni_Mrk_Torso_3",
		type = MARKER,
		template_name = "",
		lt_grp = 0, srt_grp = 0, usr_flg = 0,
		spatialprops =
		{
			pos = { 3.845594, 0.547645, -3.966829 },
			orient = { { -0.714221,  0.000000, -0.699921 },
					   {  0.000000,  1.000000,  0.000000 },
					   {  0.699921,  0.000000, -0.714221 } }
		}
	},

	{
		entity_name = "Char_Juni_Mrk_Right_LArm_2",
		type = MARKER,
		template_name = "",
		lt_grp = 0, srt_grp = 0, usr_flg = 0,
		spatialprops =
		{
			pos = { 3.709932, 0.900065, -4.061035 },
			orient = { { -0.714188,  0.000000, -0.699954 },
					   {  0.000000,  1.000000,  0.000000 },
					   {  0.699954,  0.000000, -0.714188 } }
		}
	},

	{
		entity_name = "Char_Juni_Mrk_Right_UArm_2",
		type = MARKER,
		template_name = "",
		lt_grp = 0, srt_grp = 0, usr_flg = 0,
		spatialprops =
		{
			pos = { 3.705882, 0.7613, -4.322554 },
			orient = { { -0.714188,  0.000000, -0.699954 },
					   {  0.000000,  1.000000,  0.000000 },
					   {  0.699954,  0.000000, -0.714188 } }
		}
	},

	{
		entity_name = "Char_Juni_Mrk_Right_Hand_3",
		type = MARKER,
		template_name = "",
		lt_grp = 0, srt_grp = 0, usr_flg = 0,
		spatialprops =
		{
			pos = { 3.657724, 0.975764, -3.819051 },
			orient = { {  0.916845, -0.018988,  0.398790 },
					   {  0.398736, -0.006751, -0.917041 },
					   {  0.020105,  0.999797,  0.001381 } }
		}
	},

	{
		entity_name = "Char_Juni_Mrk_Right_Hand_3_Ref",
		type = MARKER,
		template_name = "",
		lt_grp = 0, srt_grp = 0, usr_flg = 0,
		spatialprops =
		{
			pos = { 3.765191, 1.191341, -3.932428 },
			orient = { {  0.916845, -0.018988,  0.398790 },
					   {  0.398736, -0.006751, -0.917041 },
					   {  0.020105,  0.999797,  0.001381 } }
		}
	},

	{
		entity_name = "Char_Juni_Mrk_Right_LArm_2_Ref",
		type = MARKER,
		template_name = "",
		lt_grp = 0, srt_grp = 0, usr_flg = 0,
		spatialprops =
		{
			pos = { 3.763094, 0.900065, -4.07362 },
			orient = { { -0.714188,  0.000000, -0.699954 },
					   {  0.000000,  1.000000,  0.000000 },
					   {  0.699954,  0.000000, -0.714188 } }
		}
	},

	{
		entity_name = "Char_Juni_Mrk_Looks_Trent_Ref",
		type = MARKER,
		template_name = "",
		lt_grp = 0, srt_grp = 0, usr_flg = 0,
		spatialprops =
		{
			pos = { 3.820279, 1.147343, -3.037097 },
			orient = { {  0.739258,  0.000000, -0.673422 },
					   {  0.000000,  1.000000,  0.000000 },
					   {  0.673422,  0.000000,  0.739258 } }
		}
	},

	{
		entity_name = "Char_Juni_Mrk_Looks_Trent_Ref2",
		type = MARKER,
		template_name = "",
		lt_grp = 0, srt_grp = 0, usr_flg = 0,
		spatialprops =
		{
			pos = { 3.820279, 1.186876, -3.037097 },
			orient = { {  0.739258,  0.000000, -0.673422 },
					   {  0.000000,  1.000000,  0.000000 },
					   {  0.673422,  0.000000,  0.739258 } }
		}
	},

	{
		entity_name = "Char_Juni_Mrk_Looks_Trent_Shake_Ref2",
		type = MARKER,
		template_name = "",
		lt_grp = 0, srt_grp = 0, usr_flg = 0,
		spatialprops =
		{
			pos = { 3.606066, 1.186876, -3.272253 },
			orient = { {  0.739258,  0.000000, -0.673422 },
					   {  0.000000,  1.000000,  0.000000 },
					   {  0.673422,  0.000000,  0.739258 } }
		}
	},

	{
		entity_name = "Char_Juni_Mrk_Right_Hand_Point_Down",
		type = MARKER,
		template_name = "",
		lt_grp = 0, srt_grp = 0, usr_flg = 0,
		spatialprops =
		{
			pos = { 3.639704, 0.866931, -4.201513 },
			orient = { { -0.003743, -0.001306,  0.999992 },
					   {  0.999791, -0.020110,  0.003716 },
					   {  0.020105,  0.999797,  0.001381 } }
		}
	},

	{
		entity_name = "Char_Juni_Mrk_Right_LArm_Point",
		type = MARKER,
		template_name = "",
		lt_grp = 0, srt_grp = 0, usr_flg = 0,
		spatialprops =
		{
			pos = { 3.698672, 0.810285, -4.315197 },
			orient = { { -0.714188,  0.000000, -0.699954 },
					   {  0.000000,  1.000000,  0.000000 },
					   {  0.699954,  0.000000, -0.714188 } }
		}
	},

	{
		entity_name = "Cam_E_2Shot",
		type = CAMERA,
		template_name = "",
		lt_grp = 0, srt_grp = 0, usr_flg = 0,
		flags = HIDDEN,
		spatialprops =
		{
			pos = { 1.613512, 1.124891, -3.785234 },
			orient = { { -0.046560,  0.000000,  0.998915 },
					   {  0.105610,  0.994395,  0.004923 },
					   { -0.993317,  0.105725, -0.046299 } }
		},
		cameraprops =
		{
			fovh = 22,
			hvaspect = 1.85,
			nearplane = 1,
			farplane = 5000
		}
	},

	{
		entity_name = "Cam_I_Master",
		type = CAMERA,
		template_name = "",
		lt_grp = 0, srt_grp = 0, usr_flg = 0,
		spatialprops =
		{
			pos = { 1.551728, 1.131467, -3.788115 },
			orient = { { -0.046560,  0.000000,  0.998915 },
					   {  0.105610,  0.994395,  0.004923 },
					   { -0.993317,  0.105725, -0.046299 } }
		},
		cameraprops =
		{
			fovh = 22,
			hvaspect = 1.85,
			nearplane = 1,
			farplane = 5000
		}
	},

	{
		entity_name = "Cam_I_Ref_1",
		type = CAMERA,
		template_name = "",
		lt_grp = 0, srt_grp = 0, usr_flg = 0,
		spatialprops =
		{
			pos = { 2.299287, 1.101077, -3.935322 },
			orient = { { -0.385715,  0.000000,  0.922618 },
					   {  0.031393,  0.999421,  0.013124 },
					   { -0.922084,  0.034026, -0.385492 } }
		},
		cameraprops =
		{
			fovh = 22,
			hvaspect = 1.85,
			nearplane = 0.3,
			farplane = 5000
		}
	},

	{
		entity_name = "Cam_I_Ref_2",
		type = CAMERA,
		template_name = "",
		lt_grp = 0, srt_grp = 0, usr_flg = 0,
		spatialprops =
		{
			pos = { 2.304281, 1.43081, -3.899275 },
			orient = { { -0.051221,  0.000000,  0.998687 },
					   {  0.016692,  0.999860,  0.000856 },
					   { -0.998548,  0.016714, -0.051214 } }
		},
		cameraprops =
		{
			fovh = 22,
			hvaspect = 1.85,
			nearplane = 0.3,
			farplane = 5000
		}
	},

	{
		entity_name = "Char_Juni_glass_metal_1",
		type = COMPOUND,
		template_name = "glass_metal_1",
		lt_grp = 0, srt_grp = 0, usr_flg = 0,
		flags = LIT_DYNAMIC,
		spatialprops =
		{
			pos = { 3.571745, 0.797839, -3.888576 },
			orient = { { -0.612132,  0.002427,  0.790752 },
					   {  0.790745,  0.007108,  0.612104 },
					   { -0.004135,  0.999972, -0.006270 } }
		},
		userprops =
		{
			category = "Prop",
		}
	},

	{
		entity_name = "Char_robot_body_a_1_fs_ml_hard01",
		type = SOUND,
		template_name = "fs_ml_hard01",
		lt_grp = 0, srt_grp = 0, usr_flg = 0,
		spatialprops =
		{
			pos = { 0, 0, 0 },
			orient = { { 1, 0, 0 }, { 0, 1, 0 }, { 0, 0, 1 } }
		},
		audioprops =
		{
			attenuation = 0,
			pan = 0,
			dmin = 50,
			dmax = 300,
			ain = 360,
			aout = 360,
			atout = 0,
			rmix = 0,
		},
		userprops =
		{
			category = "Audio",
			Priority = "Steps_1",
		}
	},

	{
		entity_name = "Char_robot_body_a_1_fs_ml_hard02",
		type = SOUND,
		template_name = "fs_ml_hard02",
		lt_grp = 0, srt_grp = 0, usr_flg = 0,
		spatialprops =
		{
			pos = { 0, 0, 0 },
			orient = { { 1, 0, 0 }, { 0, 1, 0 }, { 0, 0, 1 } }
		},
		audioprops =
		{
			attenuation = 0,
			pan = 0,
			dmin = 50,
			dmax = 300,
			ain = 360,
			aout = 360,
			atout = 0,
			rmix = 0,
		},
		userprops =
		{
			category = "Audio",
			Priority = "Steps_1",
		}
	},

	{
		entity_name = "Char_robot_body_a_1_fs_ml_hard03",
		type = SOUND,
		template_name = "fs_ml_hard03",
		lt_grp = 0, srt_grp = 0, usr_flg = 0,
		spatialprops =
		{
			pos = { 0, 0, 0 },
			orient = { { 1, 0, 0 }, { 0, 1, 0 }, { 0, 0, 1 } }
		},
		audioprops =
		{
			attenuation = 0,
			pan = 0,
			dmin = 50,
			dmax = 300,
			ain = 360,
			aout = 360,
			atout = 0,
			rmix = 0,
		},
		userprops =
		{
			category = "Audio",
			Priority = "Steps_1",
		}
	},

	{
		entity_name = "Char_robot_body_a_1_fs_ml_hard04",
		type = SOUND,
		template_name = "fs_ml_hard04",
		lt_grp = 0, srt_grp = 0, usr_flg = 0,
		spatialprops =
		{
			pos = { 0, 0, 0 },
			orient = { { 1, 0, 0 }, { 0, 1, 0 }, { 0, 0, 1 } }
		},
		audioprops =
		{
			attenuation = 0,
			pan = 0,
			dmin = 50,
			dmax = 300,
			ain = 360,
			aout = 360,
			atout = 0,
			rmix = 0,
		},
		userprops =
		{
			category = "Audio",
			Priority = "Steps_1",
		}
	},

	{
		entity_name = "Char_robot_body_a_1_fs_mr_hard01",
		type = SOUND,
		template_name = "fs_mr_hard01",
		lt_grp = 0, srt_grp = 0, usr_flg = 0,
		spatialprops =
		{
			pos = { 0, 0, 0 },
			orient = { { 1, 0, 0 }, { 0, 1, 0 }, { 0, 0, 1 } }
		},
		audioprops =
		{
			attenuation = 0,
			pan = 0,
			dmin = 50,
			dmax = 300,
			ain = 360,
			aout = 360,
			atout = 0,
			rmix = 0,
		},
		userprops =
		{
			category = "Audio",
			Priority = "Steps_1",
		}
	},

	{
		entity_name = "Char_robot_body_a_1_fs_mr_hard02",
		type = SOUND,
		template_name = "fs_mr_hard02",
		lt_grp = 0, srt_grp = 0, usr_flg = 0,
		spatialprops =
		{
			pos = { 0, 0, 0 },
			orient = { { 1, 0, 0 }, { 0, 1, 0 }, { 0, 0, 1 } }
		},
		audioprops =
		{
			attenuation = 0,
			pan = 0,
			dmin = 50,
			dmax = 300,
			ain = 360,
			aout = 360,
			atout = 0,
			rmix = 0,
		},
		userprops =
		{
			category = "Audio",
			Priority = "Steps_1",
		}
	},

	{
		entity_name = "Char_robot_body_a_1_fs_mr_hard03",
		type = SOUND,
		template_name = "fs_mr_hard03",
		lt_grp = 0, srt_grp = 0, usr_flg = 0,
		spatialprops =
		{
			pos = { 0, 0, 0 },
			orient = { { 1, 0, 0 }, { 0, 1, 0 }, { 0, 0, 1 } }
		},
		audioprops =
		{
			attenuation = 0,
			pan = 0,
			dmin = 50,
			dmax = 300,
			ain = 360,
			aout = 360,
			atout = 0,
			rmix = 0,
		},
		userprops =
		{
			category = "Audio",
			Priority = "Steps_1",
		}
	},

	{
		entity_name = "Char_robot_body_a_1_fs_mr_hard04",
		type = SOUND,
		template_name = "fs_mr_hard04",
		lt_grp = 0, srt_grp = 0, usr_flg = 0,
		spatialprops =
		{
			pos = { 0, 0, 0 },
			orient = { { 1, 0, 0 }, { 0, 1, 0 }, { 0, 0, 1 } }
		},
		audioprops =
		{
			attenuation = 0,
			pan = 0,
			dmin = 50,
			dmax = 300,
			ain = 360,
			aout = 360,
			atout = 0,
			rmix = 0,
		},
		userprops =
		{
			category = "Audio",
			Priority = "Steps_1",
		}
	},

	{
		entity_name = "Char_Juni_fs_fl_hard01",
		type = SOUND,
		template_name = "fs_fl_hard01",
		lt_grp = 0, srt_grp = 0, usr_flg = 0,
		spatialprops =
		{
			pos = { 0, 0, 0 },
			orient = { { 1, 0, 0 }, { 0, 1, 0 }, { 0, 0, 1 } }
		},
		audioprops =
		{
			attenuation = 0,
			pan = 0,
			dmin = 50,
			dmax = 300,
			ain = 360,
			aout = 360,
			atout = 0,
			rmix = 0,
		},
		userprops =
		{
			category = "Audio",
			Priority = "Steps_4",
		}
	},

	{
		entity_name = "Char_Juni_fs_fl_hard02",
		type = SOUND,
		template_name = "fs_fl_hard02",
		lt_grp = 0, srt_grp = 0, usr_flg = 0,
		spatialprops =
		{
			pos = { 0, 0, 0 },
			orient = { { 1, 0, 0 }, { 0, 1, 0 }, { 0, 0, 1 } }
		},
		audioprops =
		{
			attenuation = 0,
			pan = 0,
			dmin = 50,
			dmax = 300,
			ain = 360,
			aout = 360,
			atout = 0,
			rmix = 0,
		},
		userprops =
		{
			category = "Audio",
			Priority = "Steps_4",
		}
	},

	{
		entity_name = "Char_Juni_fs_fl_hard03",
		type = SOUND,
		template_name = "fs_fl_hard03",
		lt_grp = 0, srt_grp = 0, usr_flg = 0,
		spatialprops =
		{
			pos = { 0, 0, 0 },
			orient = { { 1, 0, 0 }, { 0, 1, 0 }, { 0, 0, 1 } }
		},
		audioprops =
		{
			attenuation = 0,
			pan = 0,
			dmin = 50,
			dmax = 300,
			ain = 360,
			aout = 360,
			atout = 0,
			rmix = 0,
		},
		userprops =
		{
			category = "Audio",
			Priority = "Steps_4",
		}
	},

	{
		entity_name = "Char_Juni_fs_fl_hard04",
		type = SOUND,
		template_name = "fs_fl_hard04",
		lt_grp = 0, srt_grp = 0, usr_flg = 0,
		spatialprops =
		{
			pos = { 0, 0, 0 },
			orient = { { 1, 0, 0 }, { 0, 1, 0 }, { 0, 0, 1 } }
		},
		audioprops =
		{
			attenuation = 0,
			pan = 0,
			dmin = 50,
			dmax = 300,
			ain = 360,
			aout = 360,
			atout = 0,
			rmix = 0,
		},
		userprops =
		{
			category = "Audio",
			Priority = "Steps_4",
		}
	},

	{
		entity_name = "Char_Juni_fs_fr_hard01",
		type = SOUND,
		template_name = "fs_fr_hard01",
		lt_grp = 0, srt_grp = 0, usr_flg = 0,
		spatialprops =
		{
			pos = { 0, 0, 0 },
			orient = { { 1, 0, 0 }, { 0, 1, 0 }, { 0, 0, 1 } }
		},
		audioprops =
		{
			attenuation = 0,
			pan = 0,
			dmin = 50,
			dmax = 300,
			ain = 360,
			aout = 360,
			atout = 0,
			rmix = 0,
		},
		userprops =
		{
			category = "Audio",
			Priority = "Steps_4",
		}
	},

	{
		entity_name = "Char_Juni_fs_fr_hard02",
		type = SOUND,
		template_name = "fs_fr_hard02",
		lt_grp = 0, srt_grp = 0, usr_flg = 0,
		spatialprops =
		{
			pos = { 0, 0, 0 },
			orient = { { 1, 0, 0 }, { 0, 1, 0 }, { 0, 0, 1 } }
		},
		audioprops =
		{
			attenuation = 0,
			pan = 0,
			dmin = 50,
			dmax = 300,
			ain = 360,
			aout = 360,
			atout = 0,
			rmix = 0,
		},
		userprops =
		{
			category = "Audio",
			Priority = "Steps_4",
		}
	},

	{
		entity_name = "Char_Juni_fs_fr_hard03",
		type = SOUND,
		template_name = "fs_fr_hard03",
		lt_grp = 0, srt_grp = 0, usr_flg = 0,
		spatialprops =
		{
			pos = { 0, 0, 0 },
			orient = { { 1, 0, 0 }, { 0, 1, 0 }, { 0, 0, 1 } }
		},
		audioprops =
		{
			attenuation = 0,
			pan = 0,
			dmin = 50,
			dmax = 300,
			ain = 360,
			aout = 360,
			atout = 0,
			rmix = 0,
		},
		userprops =
		{
			category = "Audio",
			Priority = "Steps_4",
		}
	},

	{
		entity_name = "Char_Juni_fs_fr_hard04",
		type = SOUND,
		template_name = "fs_fr_hard04",
		lt_grp = 0, srt_grp = 0, usr_flg = 0,
		spatialprops =
		{
			pos = { 0, 0, 0 },
			orient = { { 1, 0, 0 }, { 0, 1, 0 }, { 0, 0, 1 } }
		},
		audioprops =
		{
			attenuation = 0,
			pan = 0,
			dmin = 50,
			dmax = 300,
			ain = 360,
			aout = 360,
			atout = 0,
			rmix = 0,
		},
		userprops =
		{
			category = "Audio",
			Priority = "Steps_4",
		}
	},

	{
		entity_name = "Char_Trent_fs_ml_hard01",
		type = SOUND,
		template_name = "fs_ml_hard01",
		lt_grp = 0, srt_grp = 0, usr_flg = 0,
		spatialprops =
		{
			pos = { 0, 0, 0 },
			orient = { { 1, 0, 0 }, { 0, 1, 0 }, { 0, 0, 1 } }
		},
		audioprops =
		{
			attenuation = 0,
			pan = 0,
			dmin = 50,
			dmax = 300,
			ain = 360,
			aout = 360,
			atout = 0,
			rmix = 0,
		},
		userprops =
		{
			category = "Audio",
			Priority = "Steps_4",
		}
	},

	{
		entity_name = "Char_Trent_fs_mr_hard01",
		type = SOUND,
		template_name = "fs_mr_hard01",
		lt_grp = 0, srt_grp = 0, usr_flg = 0,
		spatialprops =
		{
			pos = { 0, 0, 0 },
			orient = { { 1, 0, 0 }, { 0, 1, 0 }, { 0, 0, 1 } }
		},
		audioprops =
		{
			attenuation = 0,
			pan = 0,
			dmin = 50,
			dmax = 300,
			ain = 360,
			aout = 360,
			atout = 0,
			rmix = 0,
		},
		userprops =
		{
			category = "Audio",
			Priority = "Steps_4",
		}
	},

	{
		entity_name = "Char_Trent_fs_mr_hard02",
		type = SOUND,
		template_name = "fs_mr_hard02",
		lt_grp = 0, srt_grp = 0, usr_flg = 0,
