duration = 149.602;

entities =
{

	{
		entity_name = "Layer_Story_s019b_accept_syd_li_01_City_01",
		type = SCENE,
		template_name = "",
		lt_grp = 0, srt_grp = 0, usr_flg = 0,
		spatialprops =
		{
			pos = { 0, 0, 0 },
			orient = { { 1, 0, 0 }, { 0, 1, 0 }, { 0, 0, 1 } }
		},
		up = Y_AXIS,
		front = Z_AXIS,
		ambient = { 128, 128, 128 }
	},

	{
		entity_name = "Char_juni",
		type = DEFORMABLE,
		template_name = "juni",
		lt_grp = 0, srt_grp = 0, usr_flg = 0,
		flags = LIT_DYNAMIC,
		spatialprops =
		{
			pos = { 68.37765, 0, -55.06118 },
			orient = { { -0.514170,  0.000000, -0.857688 },
					   {  0.000000,  1.000000,  0.000000 },
					   {  0.857688,  0.000000, -0.514170 } }
		},
		compoundprops =
		{
			floor_height = 0
		},
		userprops =
		{
			actor = "juni",
			category = "Character",
		}
	},

	{
		entity_name = "Char_trent",
		type = DEFORMABLE,
		template_name = "trent",
		lt_grp = 0, srt_grp = 0, usr_flg = 0,
		flags = LIT_DYNAMIC,
		spatialprops =
		{
			pos = { 40.51773, 0, -45.48173 },
			orient = { { -0.658798,  0.000000, -0.752320 },
					   {  0.000000,  1.000000,  0.000000 },
					   {  0.752320,  0.000000, -0.658798 } }
		},
		compoundprops =
		{
			floor_height = 0
		},
		userprops =
		{
			actor = "player",
			category = "Character",
		}
	},

	{
		entity_name = "Char_drake",
		type = DEFORMABLE,
		template_name = "drake",
		lt_grp = 0, srt_grp = 0, usr_flg = 0,
		flags = LIT_DYNAMIC,
		spatialprops =
		{
			pos = { 69.66689, 0, -54.66173 },
			orient = { { -0.382302,  0.000000, -0.924037 },
					   {  0.000000,  1.000000,  0.000000 },
					   {  0.924037,  0.000000, -0.382302 } }
		},
		compoundprops =
		{
			floor_height = 0
		},
		userprops =
		{
			actor = "drake",
			category = "Character",
		}
	},

	{
		entity_name = "Char_syd",
		type = DEFORMABLE,
		template_name = "syd",
		lt_grp = 0, srt_grp = 0, usr_flg = 0,
		flags = LIT_DYNAMIC,
		spatialprops =
		{
			pos = { 76.64591, 0, -52.89529 },
			orient = { { -0.987963,  0.000000,  0.154691 },
					   {  0.000000,  1.000000,  0.000000 },
					   { -0.154691,  0.000000, -0.987963 } }
		},
		compoundprops =
		{
			floor_height = 0
		},
		userprops =
		{
			actor = "syd",
			category = "Character",
		}
	},

	{
		entity_name = "cam_Monitor_1",
		type = MONITOR,
		template_name = "",
		lt_grp = 0, srt_grp = 0, usr_flg = 0,
		userprops =
		{
			Priority = "Monitor_Moving_1",
		}
	},

	{
		entity_name = "Marker_Trent",
		type = MARKER,
		template_name = "",
		lt_grp = 0, srt_grp = 0, usr_flg = 0,
		spatialprops =
		{
			pos = { 69.57413, 0.956912, -55.16536 },
			orient = { {  0.397634,  0.000000,  0.917544 },
					   {  0.000000,  1.000000,  0.000000 },
					   { -0.917544,  0.000000,  0.397634 } }
		}
	},

	{
		entity_name = "Marker_Juni",
		type = MARKER,
		template_name = "",
		lt_grp = 0, srt_grp = 0, usr_flg = 0,
		spatialprops =
		{
			pos = { 71.04199, 0.949575, -54.73988 },
			orient = { { -0.747365,  0.000000, -0.664414 },
					   {  0.000000,  1.000000,  0.000000 },
					   {  0.664414,  0.000000, -0.747365 } }
		}
	},

	{
		entity_name = "Marker_Drake",
		type = MARKER,
		template_name = "",
		lt_grp = 0, srt_grp = 0, usr_flg = 0,
		spatialprops =
		{
			pos = { 36.12466, 0.969072, -41.30783 },
			orient = { { -0.212493,  0.000000,  0.977163 },
					   {  0.000000,  1.000000,  0.000000 },
					   { -0.977163,  0.000000, -0.212493 } }
		}
	},

	{
		entity_name = "Marker_Syd",
		type = MARKER,
		template_name = "",
		lt_grp = 0, srt_grp = 0, usr_flg = 0,
		spatialprops =
		{
			pos = { -4.116555, 0.969072, -79.17196 },
			orient = { {  0.460826,  0.000000, -0.887490 },
					   {  0.000000,  1.000000,  0.000000 },
					   {  0.887490,  0.000000,  0.460826 } }
		}
	},

	{
		entity_name = "Marker_Juni_2",
		type = MARKER,
		template_name = "",
		lt_grp = 0, srt_grp = 0, usr_flg = 0,
		spatialprops =
		{
			pos = { 36.95318, 0.960122, -45.56382 },
			orient = { { -0.433652,  0.000000, -0.901080 },
					   {  0.000000,  1.000000,  0.000000 },
					   {  0.901080,  0.000000, -0.433652 } }
		}
	},

	{
		entity_name = "Marker_Syd_2",
		type = MARKER,
		template_name = "",
		lt_grp = 0, srt_grp = 0, usr_flg = 0,
		spatialprops =
		{
			pos = { 41.1738, 0.969072, -45.11235 },
			orient = { {  0.231596,  0.000000, -0.972812 },
					   {  0.000000,  1.000000,  0.000000 },
					   {  0.972812,  0.000000,  0.231596 } }
		}
	},

	{
		entity_name = "Marker_Trent_2",
		type = MARKER,
		template_name = "",
		lt_grp = 0, srt_grp = 0, usr_flg = 0,
		spatialprops =
		{
			pos = { 39.39588, 0.969072, -45.5349 },
			orient = { { -0.321503,  0.000000,  0.946909 },
					   {  0.000000,  1.000000,  0.000000 },
					   { -0.946909,  0.000000, -0.321503 } }
		}
	},

	{
		entity_name = "Juni_Ship",
		type = COMPOUND,
		template_name = "rtcprop_juni_elite",
		lt_grp = 3, srt_grp = 0, usr_flg = 0,
		flags = LIT_DYNAMIC,
		spatialprops =
		{
			pos = { 78.56089, 4.048489, -52.61323 },
			orient = { {  0.992402, -0.010117, -0.122623 },
					   { -0.007409,  0.989891, -0.141634 },
					   {  0.122816,  0.141466,  0.982295 } }
		},
		userprops =
		{
			category = "Spaceship",
			Loadout = "MSN04_Juni",
			running_lights = "True",
		}
	},

	{
		entity_name = "PlayerShip_2",
		type = COMPOUND,
		template_name = "PlayerShip",
		lt_grp = 3, srt_grp = 0, usr_flg = 0,
		flags = HIDDEN + LIT_DYNAMIC,
		spatialprops =
		{
			pos = { 57.19823, 0.01599, -64.13699 },
			orient = { { -0.987940,  0.000000,  0.154836 },
					   {  0.000000,  1.000000,  0.000000 },
					   { -0.154836,  0.000000, -0.987940 } }
		},
		userprops =
		{
			category = "Spaceship",
		}
	},

	{
		entity_name = "Marker_Juni_180",
		type = MARKER,
		template_name = "",
		lt_grp = 0, srt_grp = 0, usr_flg = 0,
		spatialprops =
		{
			pos = { 53.73551, 0.960104, -63.97532 },
			orient = { { -0.950444,  0.000000,  0.310894 },
					   {  0.000000,  1.000000,  0.000000 },
					   { -0.310894,  0.000000, -0.950444 } }
		}
	},

	{
		entity_name = "Marker_Syd_Dead",
		type = MARKER,
		template_name = "",
		lt_grp = 0, srt_grp = 0, usr_flg = 0,
		spatialprops =
		{
			pos = { 59.50077, -0.551769, -60.14124 },
			orient = { { -0.597501,  0.035933, -0.801063 },
					   {  0.801820,  0.015784, -0.597358 },
					   { -0.008821, -0.999230, -0.038243 } }
		}
	},

	{
		entity_name = "Marker_Drake_Dead",
		type = MARKER,
		template_name = "",
		lt_grp = 0, srt_grp = 0, usr_flg = 0,
		spatialprops =
		{
			pos = { 54.04155, 0.9824, -59.52501 },
			orient = { {  0.627273, -0.009974,  0.778736 },
					   { -0.778214,  0.030760,  0.627246 },
					   { -0.030211, -0.999477,  0.011533 } }
		}
	},

	{
		entity_name = "Marker_Juni_Pivot",
		type = MARKER,
		template_name = "",
		lt_grp = 0, srt_grp = 0, usr_flg = 0,
		spatialprops =
		{
			pos = { 63.4427, 0.944908, -57.08183 },
			orient = { { -0.469581,  0.000000, -0.882890 },
					   {  0.000000,  1.000000,  0.000000 },
					   {  0.882890,  0.000000, -0.469581 } }
		}
	},

	{
		entity_name = "Marker_Syd_Sneak_to_Trent",
		type = MARKER,
		template_name = "",
		lt_grp = 0, srt_grp = 0, usr_flg = 0,
		spatialprops =
		{
			pos = { 72.73903, 0.9691, -52.30128 },
			orient = { {  0.657298,  0.000000, -0.753631 },
					   {  0.000000,  1.000000,  0.000000 },
					   {  0.753631,  0.000000,  0.657298 } }
		}
	},

	{
		entity_name = "char_drake_Mark_To_Trent",
		type = MARKER,
		template_name = "",
		lt_grp = 0, srt_grp = 0, usr_flg = 0,
		spatialprops =
		{
			pos = { 65.90887, 0.9691, -55.36232 },
			orient = { { -0.212494,  0.000000,  0.977162 },
					   {  0.000000,  1.000000,  0.000000 },
					   { -0.977162,  0.000000, -0.212494 } }
		}
	},

	{
		entity_name = "Marker_Juni_To_Drake",
		type = MARKER,
		template_name = "",
		lt_grp = 0, srt_grp = 0, usr_flg = 0,
		spatialprops =
		{
			pos = { 65.6452, 0.9601, -53.45452 },
			orient = { {  0.261006,  0.000000,  0.965337 },
					   {  0.000000,  1.000000,  0.000000 },
					   { -0.965337,  0.000000,  0.261006 } }
		}
	},

	{
		entity_name = "Marker_Trent_To_Dead_Syd",
		type = MARKER,
		template_name = "",
		lt_grp = 0, srt_grp = 0, usr_flg = 0,
		spatialprops =
		{
			pos = { 74.34444, 0.9701, -53.59113 },
			orient = { { -0.683330,  0.000000,  0.730109 },
					   {  0.000000,  1.000000,  0.000000 },
					   { -0.730109,  0.000000, -0.683330 } }
		}
	},

	{
		entity_name = "Marker_Juni_To_Drake_AD",
		type = MARKER,
		template_name = "",
		lt_grp = 0, srt_grp = 0, usr_flg = 0,
		spatialprops =
		{
			pos = { 68.24495, 0.242755, -54.66388 },
			orient = { { -0.083360,  0.000000,  0.996520 },
					   {  0.000000,  1.000000,  0.000000 },
					   { -0.996520,  0.000000, -0.083360 } }
		}
	},

	{
		entity_name = "Marker_Juni_To_Syd_AD",
		type = MARKER,
		template_name = "",
		lt_grp = 0, srt_grp = 0, usr_flg = 0,
		spatialprops =
		{
			pos = { 74.67654, 0.9601, -53.3768 },
			orient = { { -0.193355,  0.000000,  0.981129 },
					   {  0.000000,  1.000000,  0.000000 },
					   { -0.981129,  0.000000, -0.193355 } }
		}
	},

	{
		entity_name = "Marker_Scene_Core",
		type = MARKER,
		template_name = "",
		lt_grp = 0, srt_grp = 0, usr_flg = 0,
		spatialprops =
		{
			pos = { 70.38839, 0, -45.84333 },
			orient = { {  0.958649,  0.000000,  0.284591 },
					   {  0.000000,  1.000000,  0.000000 },
					   { -0.284591,  0.000000,  0.958649 } }
		}
	},

	{
		entity_name = "prop_gun_laser_Drake",
		type = COMPOUND,
		template_name = "prop_gun_laser_1",
		lt_grp = 0, srt_grp = 0, usr_flg = 0,
		flags = LIT_DYNAMIC + LIT_AMBIENT,
		spatialprops =
		{
			pos = { 0, 0, 0 },
			orient = { { 1, 0, 0 }, { 0, 1, 0 }, { 0, 0, 1 } }
		},
		userprops =
		{
			category = "Prop",
		}
	},

	{
		entity_name = "prop_gun_laser_Juni",
		type = COMPOUND,
		template_name = "gun_laser_2",
		lt_grp = 0, srt_grp = 0, usr_flg = 0,
		flags = HIDDEN + LIT_DYNAMIC + LIT_AMBIENT,
		spatialprops =
		{
			pos = { 0, 0, 0 },
			orient = { { 1, 0, 0 }, { 0, 1, 0 }, { 0, 0, 1 } }
		},
		userprops =
		{
			category = "Prop",
		}
	},

	{
		entity_name = "Cam_01_When_do_we_leave",
		type = CAMERA,
		template_name = "",
		lt_grp = 0, srt_grp = 0, usr_flg = 0,
		spatialprops =
		{
			pos = { 70.7136, 1.4383, -54.76287 },
			orient = { {  0.611895,  0.000000, -0.790939 },
					   { -0.009040,  0.999935, -0.006994 },
					   {  0.790887,  0.011430,  0.611855 } }
		},
		cameraprops =
		{
			fovh = 15,
			hvaspect = 1.85,
			nearplane = 0.4,
			farplane = 7000
		}
	},

	{
		entity_name = "Cam_02_in_a_few_mins",
		type = CAMERA,
		template_name = "",
		lt_grp = 0, srt_grp = 0, usr_flg = 0,
		spatialprops =
		{
			pos = { 68.39265, 1.365202, -54.82968 },
			orient = { {  0.881091,  0.000000,  0.472946 },
					   { -0.031203,  0.997821,  0.058131 },
					   { -0.471915, -0.065977,  0.879172 } }
		},
		cameraprops =
		{
			fovh = 15,
			hvaspect = 1.85,
			nearplane = 0.4,
			farplane = 7000
		}
	},

	{
		entity_name = "Cam_01_When_do_we_leave_END",
		type = CAMERA,
		template_name = "",
		lt_grp = 0, srt_grp = 0, usr_flg = 0,
		spatialprops =
		{
			pos = { 70.35024, 1.510167, -55.04709 },
			orient = { {  0.662346,  0.000000, -0.749198 },
					   { -0.015075,  0.999798, -0.013327 },
					   {  0.749046,  0.020122,  0.662212 } }
		},
		cameraprops =
		{
			fovh = 15,
			hvaspect = 1.85,
			nearplane = 0.4,
			farplane = 7000
		}
	},

	{
		entity_name = "Camera_ACOH_Syd_Trent_(Ref)",
		type = CAMERA,
		template_name = "",
		lt_grp = 0, srt_grp = 0, usr_flg = 0,
		spatialprops =
		{
			pos = { 69.68392, 1.630411, -54.22041 },
			orient = { { -0.194229,  0.000000,  0.980956 },
					   { -0.016149,  0.999864, -0.003198 },
					   { -0.980823, -0.016463, -0.194203 } }
		},
		cameraprops =
		{
			fovh = 15,
			hvaspect = 1.85,
			nearplane = 0.4,
			farplane = 7000
		}
	},

	{
		entity_name = "Camera_ACOH_Trent_Syd",
		type = CAMERA,
		template_name = "",
		lt_grp = 0, srt_grp = 0, usr_flg = 0,
		spatialprops =
		{
			pos = { 71.26727, 1.753233, -53.12017 },
			orient = { {  0.831822,  0.000000, -0.555042 },
					   { -0.065256,  0.993065, -0.097796 },
					   {  0.551193,  0.117569,  0.826053 } }
		},
		cameraprops =
		{
			fovh = 15,
			hvaspect = 1.85,
			nearplane = 0.4,
			farplane = 7000
		}
	},

	{
		entity_name = "Camera_ACOH_Trent_Syd_(Ref)",
		type = CAMERA,
		template_name = "",
		lt_grp = 0, srt_grp = 0, usr_flg = 0,
		spatialprops =
		{
			pos = { 76.24138, 1.783744, -52.87057 },
			orient = { {  0.699223,  0.000000, -0.714904 },
					   { -0.153443,  0.976694, -0.150078 },
					   {  0.698243,  0.214635,  0.682927 } }
		},
		cameraprops =
		{
			fovh = 25,
			hvaspect = 1.85,
			nearplane = 0.4,
			farplane = 7000
		}
	},

	{
		entity_name = "Camera_ACOH_Syd_Trent",
		type = CAMERA,
		template_name = "",
		lt_grp = 0, srt_grp = 0, usr_flg = 0,
		spatialprops =
		{
			pos = { 71.94193, 1.817668, -52.11184 },
			orient = { {  0.806648,  0.000000, -0.591033 },
					   { -0.051504,  0.996196, -0.070294 },
					   {  0.588784,  0.087143,  0.803579 } }
		},
		cameraprops =
		{
			fovh = 10,
			hvaspect = 1.85,
			nearplane = 0.4,
			farplane = 7000
		}
	},

	{
		entity_name = "Cam_08_werent_alone",
		type = CAMERA,
		template_name = "",
		lt_grp = 0, srt_grp = 0, usr_flg = 0,
		spatialprops =
		{
			pos = { 75.45074, 1.743814, -53.15319 },
			orient = { {  0.496893,  0.000000, -0.867812 },
					   { -0.091358,  0.994443, -0.052310 },
					   {  0.862990,  0.105274,  0.494132 } }
		},
		cameraprops =
		{
			fovh = 15,
			hvaspect = 1.85,
			nearplane = 0.4,
			farplane = 7000
		}
	},

	{
		entity_name = "Cam_10_about_this",
		type = CAMERA,
		template_name = "",
		lt_grp = 0, srt_grp = 0, usr_flg = 0,
		spatialprops =
		{
			pos = { 73.49418, 1.279806, -53.70369 },
			orient = { { -0.266997,  0.000000,  0.963697 },
					   {  0.329856,  0.939597,  0.091388 },
					   { -0.905487,  0.342282, -0.250870 } }
		},
		cameraprops =
		{
			fovh = 15,
			hvaspect = 1.85,
			nearplane = 0.4,
			farplane = 7000
		}
	},

	{
		entity_name = "Camera_ACOH_Trent_Syd_ALT",
		type = CAMERA,
		template_name = "",
		lt_grp = 0, srt_grp = 0, usr_flg = 0,
		spatialprops =
		{
			pos = { 76.42216, 1.751784, -53.25363 },
			orient = { {  0.627134,  0.000000, -0.778912 },
					   { -0.140289,  0.983647, -0.112953 },
					   {  0.766174,  0.180109,  0.616878 } }
		},
		cameraprops =
		{
			fovh = 25,
			hvaspect = 1.85,
			nearplane = 0.4,
			farplane = 7000
		}
	},

	{
		entity_name = "Camera_Side_Syd_Trent",
		type = CAMERA,
		template_name = "",
		lt_grp = 0, srt_grp = 0, usr_flg = 0,
		spatialprops =
		{
			pos = { 63.27469, 1.363522, -54.09563 },
			orient = { {  0.075490,  0.000000,  0.997147 },
					   {  0.004313,  0.999991, -0.000327 },
					   { -0.997137,  0.004326,  0.075489 } }
		},
		cameraprops =
		{
			fovh = 25,
			hvaspect = 1.85,
			nearplane = 0.4,
			farplane = 7000
		}
	},

	{
		entity_name = "Camera_Side_Syd_Trent_(Ref)",
		type = CAMERA,
		template_name = "",
		lt_grp = 0, srt_grp = 0, usr_flg = 0,
		spatialprops =
		{
			pos = { 73.61021, 1.648675, -53.19518 },
			orient = { {  0.940548,  0.000000,  0.339661 },
					   {  0.039756,  0.993126, -0.110088 },
					   { -0.337326,  0.117047,  0.934083 } }
		},
		cameraprops =
		{
			fovh = 25,
			hvaspect = 1.85,
			nearplane = 0.4,
			farplane = 7000
		}
	},

	{
		entity_name = "Cam_05_survivors",
		type = CAMERA,
		template_name = "",
		lt_grp = 0, srt_grp = 0, usr_flg = 0,
		spatialprops =
		{
			pos = { 73.38557, 1.642905, -53.45902 },
			orient = { {  0.659068,  0.000000, -0.752083 },
					   { -0.018351,  0.999702, -0.016081 },
					   {  0.751859,  0.024400,  0.658872 } }
		},
		cameraprops =
		{
			fovh = 15,
			hvaspect = 1.85,
			nearplane = 0.4,
			farplane = 7000
		}
	},

	{
		entity_name = "Cam_04_last_two",
		type = CAMERA,
		template_name = "",
		lt_grp = 0, srt_grp = 0, usr_flg = 0,
		spatialprops =
		{
			pos = { 68.8048, 1.615988, -54.56956 },
			orient = { { -0.262235,  0.000000,  0.965004 },
					   {  0.038794,  0.999192,  0.010542 },
					   { -0.964224,  0.040201, -0.262023 } }
		},
		cameraprops =
		{
			fovh = 15,
			hvaspect = 1.85,
			nearplane = 0.4,
			farplane = 7000
		}
	},

	{
		entity_name = "Cam_03_last_two_END",
		type = CAMERA,
		template_name = "",
		lt_grp = 0, srt_grp = 0, usr_flg = 0,
		spatialprops =
		{
			pos = { 71.04724, 1.618533, -54.3251 },
			orient = { { -0.116744,  0.000000,  0.993162 },
					   {  0.030815,  0.999519,  0.003622 },
					   { -0.992684,  0.031027, -0.116688 } }
		},
		cameraprops =
		{
			fovh = 20,
			hvaspect = 1.85,
			nearplane = 0.4,
			farplane = 7000
		}
	},

	{
		entity_name = "Camera_ACOH_Drake_Trent",
		type = CAMERA,
		template_name = "",
		lt_grp = 0, srt_grp = 0, usr_flg = 0,
		spatialprops =
		{
			pos = { 72.60682, 1.394178, -52.89529 },
			orient = { {  0.735091,  0.000000, -0.677968 },
					   { -0.025272,  0.999305, -0.027401 },
					   {  0.677497,  0.037276,  0.734580 } }
		},
		cameraprops =
		{
			fovh = 25,
			hvaspect = 1.85,
			nearplane = 0.4,
			farplane = 7000
		}
	},

	{
		entity_name = "Camera_ACOH_Drake_Trent_(Ref)",
		type = CAMERA,
		template_name = "",
		lt_grp = 0, srt_grp = 0, usr_flg = 0,
		spatialprops =
		{
			pos = { 72.60682, 1.394178, -52.89529 },
			orient = { {  0.738040,  0.000000, -0.674757 },
					   { -0.004549,  0.999977, -0.004976 },
					   {  0.674742,  0.006742,  0.738023 } }
		},
		cameraprops =
		{
			fovh = 25,
			hvaspect = 1.85,
			nearplane = 0.4,
			farplane = 7000
		}
	},

	{
		entity_name = "Camera_ACOH_Drake_Trent_(Ref)_CU",
		type = CAMERA,
		template_name = "",
		lt_grp = 0, srt_grp = 0, usr_flg = 0,
		spatialprops =
		{
			pos = { 71.44492, 1.325261, -54.31791 },
			orient = { {  0.546769,  0.000000, -0.837284 },
					   {  0.030880,  0.999320,  0.020166 },
					   {  0.836714, -0.036881,  0.546397 } }
		},
		cameraprops =
		{
			fovh = 25,
			hvaspect = 1.85,
			nearplane = 0.4,
			farplane = 7000
		}
	},

	{
		entity_name = "Camera_ACOH_Drake_Trent_(Ref)_Juni",
		type = CAMERA,
		template_name = "",
		lt_grp = 0, srt_grp = 0, usr_flg = 0,
		spatialprops =
		{
			pos = { 71.14938, 1.391415, -53.80584 },
			orient = { {  0.705777,  0.000000, -0.708434 },
					   { -0.020204,  0.999593, -0.020128 },
					   {  0.708145,  0.028519,  0.705490 } }
		},
		cameraprops =
		{
			fovh = 25,
			hvaspect = 1.85,
			nearplane = 0.4,
			farplane = 7000
		}
	},

	{
		entity_name = "Camera_ACOH_Drake_Juni",
		type = CAMERA,
		template_name = "",
		lt_grp = 0, srt_grp = 0, usr_flg = 0,
		spatialprops =
		{
			pos = { 71.67741, 1.398203, -51.80767 },
			orient = { {  0.584273,  0.000000, -0.811557 },
					   { -0.057219,  0.997511, -0.041194 },
					   {  0.809537,  0.070505,  0.582819 } }
		},
		cameraprops =
		{
			fovh = 25,
			hvaspect = 1.85,
			nearplane = 0.7,
			farplane = 7000
		}
	},

	{
		entity_name = "Camera_Wide_Drake_Juni_Trent",
		type = CAMERA,
		template_name = "",
		lt_grp = 0, srt_grp = 0, usr_flg = 0,
		spatialprops =
		{
			pos = { 73.22707, 1.251642, -50.58952 },
			orient = { {  0.899543,  0.000000, -0.436832 },
					   { -0.036524,  0.996498, -0.075213 },
					   {  0.435303,  0.083612,  0.896393 } }
		},
		cameraprops =
		{
			fovh = 25,
			hvaspect = 1.85,
			nearplane = 0.4,
			farplane = 7000
		}
	},

	{
		entity_name = "Cam_15_c_FREEZE",
		type = CAMERA,
		template_name = "",
		lt_grp = 0, srt_grp = 0, usr_flg = 0,
		spatialprops =
		{
			pos = { 66.54907, 1.063883, -52.3023 },
			orient = { {  0.992901,  0.000000, -0.118940 },
					   {  0.019764,  0.986098,  0.164984 },
					   {  0.117287, -0.166164,  0.979098 } }
		},
		cameraprops =
		{
			fovh = 25,
			hvaspect = 1.85,
			nearplane = 0.4,
			farplane = 7000
		}
	},

	{
		entity_name = "Camera_ACOH_Juni_Trent",
		type = CAMERA,
		template_name = "",
		lt_grp = 0, srt_grp = 0, usr_flg = 0,
		spatialprops =
		{
			pos = { 74.56268, 1.544713, -52.81681 },
			orient = { {  0.647988,  0.000000, -0.761650 },
					   { -0.098004,  0.991687, -0.083379 },
					   {  0.755319,  0.128674,  0.642602 } }
		},
		cameraprops =
		{
			fovh = 25,
			hvaspect = 1.85,
			nearplane = 0.4,
			farplane = 7000
		}
	},

	{
		entity_name = "Cam_15_f_turns_on_juni",
		type = CAMERA,
		template_name = "",
		lt_grp = 0, srt_grp = 0, usr_flg = 0,
		spatialprops =
		{
			pos = { 64.69451, 1.757879, -53.05857 },
			orient = { {  0.329992,  0.000000,  0.943984 },
					   {  0.074428,  0.996887, -0.026018 },
					   { -0.941045,  0.078845,  0.328965 } }
		},
		cameraprops =
		{
			fovh = 10,
			hvaspect = 1.85,
			nearplane = 0.15,
			farplane = 7000
		}
	},

	{
		entity_name = "Camera_ACOH_Drake_Trent_(Ref)_Aim",
		type = CAMERA,
		template_name = "",
		lt_grp = 0, srt_grp = 0, usr_flg = 0,
		spatialprops =
		{
			pos = { 67.49358, 1.539256, -55.19396 },
			orient = { {  0.147139,  0.000000,  0.989116 },
					   {  0.172554,  0.984665, -0.025669 },
					   { -0.973948,  0.174453,  0.144883 } }
		},
		cameraprops =
		{
			fovh = 25,
			hvaspect = 1.85,
			nearplane = 0.4,
			farplane = 7000
		}
	},

	{
		entity_name = "Camera_CU_Drake_Land_Dead",
		type = CAMERA,
		template_name = "",
		lt_grp = 0, srt_grp = 0, usr_flg = 0,
		spatialprops =
		{
			pos = { 72.75968, 0.250961, -53.58932 },
			orient = { {  0.985889,  0.000000, -0.167399 },
					   { -0.019369,  0.993284, -0.114072 },
					   {  0.166275,  0.115705,  0.979268 } }
		},
		cameraprops =
		{
			fovh = 25,
			hvaspect = 1.85,
			nearplane = 0.4,
			farplane = 7000
		}
	},

	{
		entity_name = "Camera_CU_Drake_Land_Dead_(Ref)",
		type = CAMERA,
		template_name = "",
		lt_grp = 0, srt_grp = 0, usr_flg = 0,
		spatialprops =
		{
			pos = { 72.5992, 1.676927, -53.1748 },
			orient = { {  0.993002,  0.000000,  0.118099 },
					   {  0.015706,  0.991117, -0.132063 },
					   { -0.117050,  0.132994,  0.984181 } }
		},
		cameraprops =
		{
			fovh = 25,
			hvaspect = 1.85,
			nearplane = 0.4,
			farplane = 7000
		}
	},

	{
		entity_name = "Camera_Juni_Looking_Dead_Drake",
		type = CAMERA,
		template_name = "",
		lt_grp = 0, srt_grp = 0, usr_flg = 0,
		spatialprops =
		{
			pos = { 72.95104, 0.215356, -52.53408 },
			orient = { {  0.853501,  0.000000, -0.521091 },
					   {  0.074331,  0.989774,  0.121747 },
					   {  0.515763, -0.142644,  0.844773 } }
		},
		cameraprops =
		{
			fovh = 25,
			hvaspect = 1.85,
			nearplane = 0.4,
			farplane = 7000
		}
	},

	{
		entity_name = "Camera_Juni_Looking_Dead_Drake_02",
		type = CAMERA,
		template_name = "",
		lt_grp = 0, srt_grp = 0, usr_flg = 0,
		spatialprops =
		{
			pos = { 72.96896, 0.228823, -52.46177 },
			orient = { {  0.271266,  0.000000,  0.962504 },
					   { -0.166156,  0.984987,  0.046828 },
					   { -0.948054, -0.172629,  0.267194 } }
		},
		cameraprops =
		{
			fovh = 25,
			hvaspect = 1.85,
			nearplane = 0.4,
			farplane = 7000
		}
	},

	{
		entity_name = "Camera_Juni_Looking_Dead_Drake_02_(Ref)",
		type = CAMERA,
		template_name = "",
		lt_grp = 0, srt_grp = 0, usr_flg = 0,
		spatialprops =
		{
			pos = { 75.87968, 0.745185, -52.84561 },
			orient = { {  0.127939,  0.000000,  0.991782 },
					   {  0.097800,  0.995126, -0.012616 },
					   { -0.986948,  0.098610,  0.127316 } }
		},
		cameraprops =
		{
			fovh = 25,
			hvaspect = 1.85,
			nearplane = 0.4,
			farplane = 7000
		}
	},

	{
		entity_name = "Camera_Trent_Looking_Dead_Syd_ACOH",
		type = CAMERA,
		template_name = "",
		lt_grp = 0, srt_grp = 0, usr_flg = 0,
		spatialprops =
		{
			pos = { 78.63912, 0.17492, -51.6232 },
			orient = { {  0.737102,  0.000000, -0.675781 },
					   {  0.148672,  0.975500,  0.162163 },
					   {  0.659225, -0.220000,  0.719043 } }
		},
		cameraprops =
		{
			fovh = 25,
			hvaspect = 1.85,
			nearplane = 0.4,
			farplane = 7000
		}
	},

	{
		entity_name = "Camera_Trent_Looking_Dead_Syd_ACOH_(Ref)",
		type = CAMERA,
		template_name = "",
		lt_grp = 0, srt_grp = 0, usr_flg = 0,
		spatialprops =
		{
			pos = { 71.55301, 0.221539, -53.55249 },
			orient = { {  0.927829,  0.000000, -0.373006 },
					   { -0.028266,  0.997125, -0.070311 },
					   {  0.371934,  0.075780,  0.925161 } }
		},
		cameraprops =
		{
			fovh = 15,
			hvaspect = 1.85,
			nearplane = 0.4,
			farplane = 7000
		}
	},

	{
		entity_name = "Camera_ACOH_Trent_Juni_Aim",
		type = CAMERA,
		template_name = "",
		lt_grp = 0, srt_grp = 0, usr_flg = 0,
		spatialprops =
		{
			pos = { 70.48858, 1.491913, -54.37632 },
			orient = { {  0.252142,  0.000000,  0.967690 },
					   {  0.087270,  0.995925, -0.022739 },
					   { -0.963747,  0.090184,  0.251114 } }
		},
		cameraprops =
		{
			fovh = 25,
			hvaspect = 1.85,
			nearplane = 0.4,
			farplane = 7000
		}
	},

	{
		entity_name = "Camera_ACOH_Trent_Juni_Aim_(Ref)",
		type = CAMERA,
		template_name = "",
		lt_grp = 0, srt_grp = 0, usr_flg = 0,
		spatialprops =
		{
			pos = { 69.51157, 1.583333, -54.12176 },
			orient = { {  0.323579,  0.000000,  0.946201 },
					   {  0.134357,  0.989867, -0.045947 },
					   { -0.936613,  0.141996,  0.320300 } }
		},
		cameraprops =
		{
			fovh = 25,
			hvaspect = 1.85,
			nearplane = 0.4,
			farplane = 7000
		}
	},

	{
		entity_name = "Marker_GunFall",
		type = MARKER,
		template_name = "",
		lt_grp = 0, srt_grp = 0, usr_flg = 0,
		spatialprops =
		{
			pos = { 69.89899, 1.200502, -55.07002 },
			orient = { { -0.584047,  0.207446,  0.784764 },
					   {  0.618127,  0.740300,  0.264338 },
					   { -0.526125,  0.639470, -0.560599 } }
		}
	},

	{
		entity_name = "Marker_GunFall_02",
		type = MARKER,
		template_name = "",
		lt_grp = 0, srt_grp = 0, usr_flg = 0,
		spatialprops =
		{
			pos = { 69.90516, 0.975496, -55.06547 },
			orient = { { -0.745166,  0.444759,  0.496908 },
					   {  0.499944,  0.865693, -0.025124 },
					   { -0.441344,  0.229704, -0.867440 } }
		}
	},

	{
		entity_name = "Marker_GunFall_03",
		type = MARKER,
		template_name = "",
		lt_grp = 0, srt_grp = 0, usr_flg = 0,
		spatialprops =
		{
			pos = { 69.85596, -0.00309, -55.07232 },
			orient = { { -0.145642, -0.984837,  0.094253 },
					   { -0.835586,  0.173456,  0.521257 },
					   { -0.529702, -0.002839, -0.848179 } }
		}
	},

	{
		entity_name = "Marker_GunFall_Mover",
		type = MARKER,
		template_name = "",
		lt_grp = 0, srt_grp = 0, usr_flg = 0,
		spatialprops =
		{
			pos = { 69.61678, 1.310383, -54.86673 },
			orient = { { -0.455900,  0.063675,  0.887750 },
					   {  0.889969,  0.020860,  0.455544 },
					   {  0.010488,  0.997753, -0.066178 } }
		}
	},

	{
		entity_name = "Path_Cart",
		type = MOTION_PATH,
		template_name = "",
		lt_grp = 0, srt_grp = 0, usr_flg = 0,
		spatialprops =
		{
			pos = { 0, 0, 0 },
			orient = { { 1, 0, 0 }, { 0, 1, 0 }, { 0, 0, 1 } }
		},
		pathprops =
		{
			path_type = "CV_CROrientationSplinePath",
			path_data = "OPEN,{91.423203,0.862975,-102.881035}, {0.960326,0.000000,-0.278880,0.000000}, {64.060036,0.862975,-59.741470}, {0.960326,0.000000,-0.278880,0.000000}, "
		}
	},

	{
		entity_name = "Cam_09_because_of_you",
		type = CAMERA,
		template_name = "",
		lt_grp = 0, srt_grp = 0, usr_flg = 0,
		spatialprops =
		{
			pos = { 71.04797, 1.74056, -54.46542 },
			orient = { { -0.115375,  0.000000,  0.993322 },
					   {  0.097737,  0.995148,  0.011352 },
					   { -0.988502,  0.098394, -0.114815 } }
		},
		cameraprops =
		{
			fovh = 15,
			hvaspect = 1.85,
			nearplane = 0.4,
			farplane = 7000
		}
	},

	{
		entity_name = "Cam_24_He_was_gonna_kill_me",
		type = CAMERA,
		template_name = "",
		lt_grp = 0, srt_grp = 0, usr_flg = 0,
		spatialprops =
		{
			pos = { 72.15964, 0.014184, -53.80495 },
			orient = { {  0.413030,  0.000000, -0.910718 },
					   {  0.202337,  0.975007,  0.091764 },
					   {  0.887956, -0.222173,  0.402707 } }
		},
		cameraprops =
		{
			fovh = 20,
			hvaspect = 1.85,
			nearplane = 0.4,
			farplane = 7000
		}
	},

	{
		entity_name = "Camera_Side_Syd_Trent_02",
		type = CAMERA,
		template_name = "",
		lt_grp = 0, srt_grp = 0, usr_flg = 0,
		spatialprops =
		{
			pos = { 73.75167, 1.363385, -50.2623 },
			orient = { {  0.954558,  0.000000,  0.298027 },
					   {  0.034847,  0.993141, -0.111611 },
					   { -0.295983,  0.116924,  0.948010 } }
		},
		cameraprops =
		{
			fovh = 25,
			hvaspect = 1.85,
			nearplane = 0.4,
			farplane = 7000
		}
	},

	{
		entity_name = "Cam_25_what_do_you_mean",
		type = CAMERA,
		template_name = "",
		lt_grp = 0, srt_grp = 0, usr_flg = 0,
		spatialprops =
		{
			pos = { 69.20805, 1.514395, -54.30709 },
			orient = { {  0.273217,  0.000000,  0.961952 },
					   { -0.021710,  0.999745,  0.006166 },
					   { -0.961707, -0.022569,  0.273147 } }
		},
		cameraprops =
		{
			fovh = 15,
			hvaspect = 1.85,
			nearplane = 0.4,
			farplane = 7000
		}
	},

	{
		entity_name = "Marker_Laser_Site",
		type = MARKER,
		template_name = "",
		lt_grp = 0, srt_grp = 0, usr_flg = 0,
		spatialprops =
		{
			pos = { 70.49822, 1.058398, -54.5626 },
			orient = { { -0.245407,  0.000000, -0.969420 },
					   {  0.000000,  1.000000,  0.000000 },
					   {  0.969420,  0.000000, -0.245407 } }
		}
	},

	{
		entity_name = "Camera_1",
		type = CAMERA,
		template_name = "",
		lt_grp = 0, srt_grp = 0, usr_flg = 0,
		spatialprops =
		{
			pos = { 76.16502, 1.816996, -53.37788 },
			orient = { {  0.258259,  0.000000, -0.966076 },
					   { -0.059434,  0.998106, -0.015888 },
					   {  0.964246,  0.061521,  0.257770 } }
		},
		cameraprops =
		{
			fovh = 7,
			hvaspect = 1.85,
			nearplane = 0.4,
			farplane = 7000
		}
	},

	{
		entity_name = "Camera_1_copy_1",
		type = CAMERA,
		template_name = "",
		lt_grp = 0, srt_grp = 0, usr_flg = 0,
		spatialprops =
		{
			pos = { 76.95374, 1.774458, -53.04131 },
			orient = { {  0.141221,  0.000000, -0.989978 },
					   { -0.030102,  0.999538, -0.004294 },
					   {  0.989520,  0.030406,  0.141156 } }
		},
		cameraprops =
		{
			fovh = 7,
			hvaspect = 1.85,
			nearplane = 0.4,
			farplane = 7000
		}
	},

	{
		entity_name = "Set_li_01_SkyLine_Spcl01",
		type = COMPOUND,
		template_name = "li_01_cityscape_bg",
		lt_grp = 0, srt_grp = 0, usr_flg = 0,
		flags = LIT_DYNAMIC + LIT_AMBIENT,
		spatialprops =
		{
			pos = { -4283.995, 800, -3229.229 },
			orient = { {  0.376053,  0.002703, -0.926594 },
					   { -0.009534,  0.999954, -0.000953 },
					   {  0.926549,  0.009192,  0.376061 } }
		},
		userprops =
		{
			category = "Prop",
		}
	},

	{
		entity_name = "Set_li_01_SkyLine_Spcl02",
		type = COMPOUND,
		template_name = "li_01_cityscape_bg",
		lt_grp = 0, srt_grp = 0, usr_flg = 0,
		flags = LIT_DYNAMIC + LIT_AMBIENT,
		spatialprops =
		{
			pos = { 3768.789, 800, 390.7527 },
			orient = { { -0.255573,  0.002703,  0.966786 },
					   {  0.009578,  0.999954, -0.000264 },
					   { -0.966742,  0.009192, -0.255588 } }
		},
		userprops =
		{
			category = "Prop",
		}
	},

	{
		entity_name = "Set_Li_01_mountain_beige_Spcl",
		type = COMPOUND,
		template_name = "mountain_beige",
		lt_grp = 0, srt_grp = 0, usr_flg = 0,
		flags = LIT_DYNAMIC + LIT_AMBIENT,
		spatialprops =
		{
			pos = { -5579.021, 200, -5686.899 },
			orient = { {  0.567228,  0.000000, -0.823561 },
					   {  0.000000,  1.000000,  0.000000 },
					   {  0.823561,  0.000000,  0.567228 } }
		},
		userprops =
		{
			category = "Prop",
		}
	},

	{
		entity_name = "Marker_Trent_Turn_10Deg",
		type = MARKER,
		template_name = "",
		lt_grp = 0, srt_grp = 0, usr_flg = 0,
		spatialprops =
		{
			pos = { 69.61098, 0.974019, -55.11637 },
			orient = { { -0.223872,  0.000000,  0.974619 },
					   {  0.000000,  1.000000,  0.000000 },
					   { -0.974619,  0.000000, -0.223872 } }
		}
	},

	{
		entity_name = "Marker_Drake_To_Trent_For_Death",
		type = MARKER,
		template_name = "",
		lt_grp = 0, srt_grp = 0, usr_flg = 0,
		spatialprops =
		{
			pos = { 70.14652, 0.9691, -54.81244 },
			orient = { { -0.212494,  0.000000,  0.977162 },
					   {  0.000000,  1.000000,  0.000000 },
					   { -0.977162,  0.000000, -0.212494 } }
		}
	},

	{
		entity_name = "Marker_StayDrake",
		type = MARKER,
		template_name = "",
		lt_grp = 0, srt_grp = 0, usr_flg = 0,
		spatialprops =
		{
			pos = { 69.2113, 0.88448, -54.66986 },
			orient = { { -0.283215,  0.000000,  0.959056 },
					   {  0.000000,  1.000000,  0.000000 },
					   { -0.959056,  0.000000, -0.283215 } }
		}
	},

	{
		entity_name = "Marker_Drake_DeadPos",
		type = MARKER,
		template_name = "",
		lt_grp = 0, srt_grp = 0, usr_flg = 0,
		spatialprops =
		{
			pos = { 70.00192, 0.130317, -54.84373 },
			orient = { { -0.157936,  0.000000, -0.987449 },
					   {  0.000000,  1.000000,  0.000000 },
					   {  0.987449,  0.000000, -0.157936 } }
		}
	},

	{
		entity_name = "Marker_Trent_Start",
		type = MARKER,
		template_name = "",
		lt_grp = 0, srt_grp = 0, usr_flg = 0,
		spatialprops =
		{
			pos = { 68.04786, 0.972915, -56.28785 },
			orient = { { -0.506782,  0.000000,  0.862074 },
					   {  0.000000,  1.000000,  0.000000 },
					   { -0.862074,  0.000000, -0.506782 } }
		}
	},

	{
		entity_name = "Marker_Juni_Start",
		type = MARKER,
		template_name = "",
		lt_grp = 0, srt_grp = 0, usr_flg = 0,
		spatialprops =
		{
			pos = { 69.33097, 0.949575, -56.27209 },
			orient = { { -0.760028,  0.000000, -0.649891 },
					   {  0.000000,  1.000000,  0.000000 },
					   {  0.649891,  0.000000, -0.760028 } }
		}
	},

	{
		entity_name = "Marker_Trent_Hands_Up",
		type = MARKER,
		template_name = "",
		lt_grp = 0, srt_grp = 0, usr_flg = 0,
		spatialprops =
		{
			pos = { 71.45982, 0.975232, -54.69588 },
			orient = { { -0.324513,  0.000000,  0.945881 },
					   {  0.000000,  1.000000,  0.000000 },
					   { -0.945881,  0.000000, -0.324513 } }
		}
	},

	{
		entity_name = "Marker_Trent_Hands_Lead_Back",
		type = MARKER,
		template_name = "",
		lt_grp = 0, srt_grp = 0, usr_flg = 0,
		spatialprops =
		{
			pos = { 69.62581, 0.96391, -55.42164 },
			orient = { { -0.421459,  0.000000,  0.906847 },
					   {  0.000000,  1.000000,  0.000000 },
					   { -0.906847,  0.000000, -0.421459 } }
		}
	},

	{
		entity_name = "Marker_Trent_Hands_Lead",
		type = MARKER,
		template_name = "",
		lt_grp = 0, srt_grp = 0, usr_flg = 0,
		spatialprops =
		{
			pos = { 70.98581, 0.96391, -54.85164 },
			orient = { { -0.421459,  0.000000,  0.906847 },
					   {  0.000000,  1.000000,  0.000000 },
					   { -0.906847,  0.000000, -0.421459 } }
		}
	},

	{
		entity_name = "Marker_Juni_Remove",
		type = MARKER,
		template_name = "",
		lt_grp = 0, srt_grp = 0, usr_flg = 0,
		spatialprops =
		{
			pos = { 134.5942, 0.933565, -9.253838 },
			orient = { { -0.227142,  0.000000, -0.973862 },
					   {  0.000000,  1.000000,  0.000000 },
					   {  0.973862,  0.000000, -0.227142 } }
		}
	},

	{
		entity_name = "Cam_06_wait_I_know",
		type = CAMERA,
		template_name = "",
		lt_grp = 0, srt_grp = 0, usr_flg = 0,
		spatialprops =
		{
			pos = { 74.09319, 1.644333, -53.06982 },
			orient = { {  0.649176,  0.000000, -0.760638 },
					   { -0.048304,  0.997982, -0.041226 },
					   {  0.759103,  0.063505,  0.647866 } }
		},
		cameraprops =
		{
			fovh = 15,
			hvaspect = 1.85,
			nearplane = 0.4,
			farplane = 7000
		}
	},

	{
		entity_name = "Camera_ACS_Trent_Syd_02",
		type = CAMERA,
		template_name = "",
		lt_grp = 0, srt_grp = 0, usr_flg = 0,
		spatialprops =
		{
			pos = { 69.36777, 1.679249, -52.96321 },
			orient = { {  0.317223,  0.000000,  0.948351 },
					   {  0.086920,  0.995791, -0.029075 },
					   { -0.944359,  0.091654,  0.315888 } }
		},
		cameraprops =
		{
			fovh = 15,
			hvaspect = 1.85,
			nearplane = 0.4,
			farplane = 7000
		}
	},

	{
		entity_name = "Cam_06_wait_I_know_END",
		type = CAMERA,
		template_name = "",
		lt_grp = 0, srt_grp = 0, usr_flg = 0,
		spatialprops =
		{
			pos = { 71.41387, 1.583494, -53.37761 },
			orient = { {  0.220684,  0.000000,  0.975345 },
					   {  0.050692,  0.998648, -0.011470 },
					   { -0.974027,  0.051974,  0.220386 } }
		},
		cameraprops =
		{
			fovh = 15,
			hvaspect = 1.85,
			nearplane = 0.4,
			farplane = 7000
		}
	},

	{
		entity_name = "Camera_ACS_Syd_03",
		type = CAMERA,
		template_name = "",
		lt_grp = 0, srt_grp = 0, usr_flg = 0,
		spatialprops =
		{
			pos = { 72.60137, 1.639805, -53.20397 },
			orient = { {  0.282438,  0.000000,  0.959286 },
					   {  0.019076,  0.999802, -0.005616 },
					   { -0.959096,  0.019885,  0.282382 } }
		},
		cameraprops =
		{
			fovh = 15,
			hvaspect = 1.85,
			nearplane = 0.4,
			farplane = 7000
		}
	},

	{
		entity_name = "Cam_11_trent_react",
		type = CAMERA,
		template_name = "",
		lt_grp = 0, srt_grp = 0, usr_flg = 0,
		spatialprops =
		{
			pos = { 72.85024, 1.613458, -53.93408 },
			orient = { {  0.642613,  0.000000, -0.766191 },
					   {  0.048196,  0.998020,  0.040422 },
					   {  0.764674, -0.062903,  0.641340 } }
		},
		cameraprops =
		{
			fovh = 15,
			hvaspect = 1.85,
			nearplane = 0.4,
			farplane = 7000
		}
	},

	{
		entity_name = "Camera_ACS_Syd_Trent_03(End)",
		type = CAMERA,
		template_name = "",
		lt_grp = 0, srt_grp = 0, usr_flg = 0,
		spatialprops =
		{
			pos = { 73.23101, 1.638629, -53.52346 },
			orient = { {  0.684932,  0.000000, -0.728607 },
					   { -0.033619,  0.998935, -0.031604 },
					   {  0.727831,  0.046142,  0.684202 } }
		},
		cameraprops =
		{
			fovh = 15,
			hvaspect = 1.85,
			nearplane = 0.4,
			farplane = 7000
		}
	},

	{
		entity_name = "Cam_13_syd_shot",
		type = CAMERA,
		template_name = "",
		lt_grp = 0, srt_grp = 0, usr_flg = 0,
		spatialprops =
		{
			pos = { 68.99139, 1.601083, -54.39446 },
			orient = { { -0.012117,  0.000000,  0.999927 },
					   {  0.052619,  0.998614,  0.000638 },
					   { -0.998541,  0.052623, -0.012100 } }
		},
		cameraprops =
		{
			fovh = 15,
			hvaspect = 1.85,
			nearplane = 0.4,
			farplane = 7000
		}
	},

	{
		entity_name = "Camera_ACS_Trent_Syd_03_Zoom_In",
		type = CAMERA,
		template_name = "",
		lt_grp = 0, srt_grp = 0, usr_flg = 0,
		spatialprops =
		{
			pos = { 75.16703, 1.258726, -53.62305 },
			orient = { { -0.081301,  0.000000,  0.996690 },
					   {  0.142679,  0.989701,  0.011638 },
					   { -0.986424,  0.143153, -0.080463 } }
		},
		cameraprops =
		{
			fovh = 15,
			hvaspect = 1.85,
			nearplane = 0.4,
			farplane = 7000
		}
	},

	{
		entity_name = "Cam_14_c_Drake_hold_up",
		type = CAMERA,
		template_name = "",
		lt_grp = 0, srt_grp = 0, usr_flg = 0,
		spatialprops =
		{
			pos = { 72.85804, 1.690625, -53.12519 },
			orient = { {  0.652375,  0.000000, -0.757896 },
					   { -0.132410,  0.984620, -0.113975 },
					   {  0.746240,  0.174708,  0.642342 } }
		},
		cameraprops =
		{
			fovh = 25,
			hvaspect = 1.85,
			nearplane = 0.4,
			farplane = 7000
		}
	},

	{
		entity_name = "Cam_14_c_drake_hold_up_END",
		type = CAMERA,
		template_name = "",
		lt_grp = 0, srt_grp = 0, usr_flg = 0,
		spatialprops =
		{
			pos = { 72.85804, 1.690625, -53.12519 },
			orient = { {  0.652376,  0.000000, -0.757895 },
					   { -0.119367,  0.987519, -0.102748 },
					   {  0.748436,  0.157498,  0.644234 } }
		},
		cameraprops =
		{
			fovh = 25,
			hvaspect = 1.85,
			nearplane = 0.4,
			farplane = 7000
		}
	},

	{
		entity_name = "Cam_15_b_Drake_ECU",
		type = CAMERA,
		template_name = "",
		lt_grp = 0, srt_grp = 0, usr_flg = 0,
		spatialprops =
		{
			pos = { 70.40309, 1.377655, -54.26845 },
			orient = { {  0.423378,  0.000000, -0.905953 },
					   {  0.092025,  0.994828,  0.043006 },
					   {  0.901267, -0.101579,  0.421188 } }
		},
		cameraprops =
		{
			fovh = 20,
			hvaspect = 1.85,
			nearplane = 0.15,
			farplane = 7000
		}
	},

	{
		entity_name = "Cam_15_b_ECU_Drake_END_02",
		type = CAMERA,
		template_name = "",
		lt_grp = 0, srt_grp = 0, usr_flg = 0,
		spatialprops =
		{
			pos = { 70.31746, 1.385816, -54.30825 },
			orient = { {  0.411433,  0.000000, -0.911440 },
					   {  0.139910,  0.988148,  0.063157 },
					   {  0.900638, -0.153504,  0.406556 } }
		},
		cameraprops =
		{
			fovh = 15,
			hvaspect = 1.85,
			nearplane = 0.4,
			farplane = 7000
		}
	},

	{
		entity_name = "Cam_15_b_ECU_Drake_END_03",
		type = CAMERA,
		template_name = "",
		lt_grp = 0, srt_grp = 0, usr_flg = 0,
		spatialprops =
		{
			pos = { 70.51648, 1.579298, -54.35318 },
			orient = { {  0.056932,  0.000000, -0.998378 },
					   { -0.121739,  0.992538, -0.006942 },
