duration = 138.496;

entities =
{

	{
		entity_name = "Layer_Scene_s027xb_pl_04_dig",
		type = SCENE,
		template_name = "",
		lt_grp = 0, srt_grp = 0, usr_flg = 0,
		spatialprops =
		{
			pos = { 0, 0, 0 },
			orient = { { 1, 0, 0 }, { 0, 1, 0 }, { 0, 0, 1 } }
		},
		up = Y_AXIS,
		front = Z_AXIS,
		ambient = { 148, 148, 148 }
	},

	{
		entity_name = "Char_Trent",
		type = DEFORMABLE,
		template_name = "trent",
		lt_grp = 13, srt_grp = 0, usr_flg = 0,
		flags = LIT_DYNAMIC,
		spatialprops =
		{
			pos = { -0.728067, 0, -20.22286 },
			orient = { { -0.991735,  0.000000, -0.128301 },
					   {  0.000000,  1.000000,  0.000000 },
					   {  0.128301,  0.000000, -0.991735 } }
		},
		compoundprops =
		{
			floor_height = 0
		},
		userprops =
		{
			actor = "player",
			category = "Character",
		}
	},

	{
		entity_name = "Char_Juni",
		type = DEFORMABLE,
		template_name = "juni",
		lt_grp = 11, srt_grp = 0, usr_flg = 0,
		flags = LIT_DYNAMIC,
		spatialprops =
		{
			pos = { 0.177816, 0, -20.29471 },
			orient = { { -0.994660,  0.000000, -0.103203 },
					   {  0.000000,  1.000000,  0.000000 },
					   {  0.103203,  0.000000, -0.994660 } }
		},
		compoundprops =
		{
			floor_height = 0
		},
		userprops =
		{
			actor = "juni",
			category = "Character",
		}
	},

	{
		entity_name = "Char_Sinclair",
		type = DEFORMABLE,
		template_name = "sinclair",
		lt_grp = 12, srt_grp = 0, usr_flg = 0,
		flags = LIT_DYNAMIC,
		spatialprops =
		{
			pos = { 0.177816, 0, -20.29471 },
			orient = { { -0.997040,  0.000000, -0.076889 },
					   {  0.000000,  1.000000,  0.000000 },
					   {  0.076889,  0.000000, -0.997040 } }
		},
		compoundprops =
		{
			floor_height = 0
		},
		userprops =
		{
			actor = "sinclair",
			category = "Character",
		}
	},

	{
		entity_name = "Char_Assistant_Male_02",
		type = DEFORMABLE,
		template_name = "assistant_male_1",
		lt_grp = 12, srt_grp = 0, usr_flg = 0,
		flags = LIT_DYNAMIC,
		spatialprops =
		{
			pos = { 1000, 0, 0 },
			orient = { { 1, 0, 0 }, { 0, 1, 0 }, { 0, 0, 1 } }
		},
		compoundprops =
		{
			floor_height = 0
		},
		userprops =
		{
			actor = "assist_02",
			category = "Character",
		}
	},

	{
		entity_name = "Cam_Monitor",
		type = MONITOR,
		template_name = "",
		lt_grp = 0, srt_grp = 0, usr_flg = 0,
		flags = HIDDEN,
		userprops =
		{
			Priority = "Monitor_Moving_1",
		}
	},

	{
		entity_name = "Path_AJ",
		type = MOTION_PATH,
		template_name = "",
		lt_grp = 0, srt_grp = 0, usr_flg = 0,
		spatialprops =
		{
			pos = { -13.90635, 16.20261, -1.706112 },
			orient = { {  0.588325,  0.000000,  0.808625 },
					   {  0.551784,  0.731004, -0.401457 },
					   { -0.591108,  0.682373,  0.430068 } }
		},
		pathprops =
		{
			path_type = "CV_CROrientationSplinePath",
			path_data = "OPEN,{0.102644,-0.515993,0.092651}, {1.000000,0.000000,0.000000,0.000000}, {-0.087067,0.474860,-0.082839}, {1.000000,0.000000,0.000000,0.000000}, "
		}
	},

	{
		entity_name = "Mrk_JuniWlkAlign_00sec",
		type = MARKER,
		template_name = "",
		lt_grp = 0, srt_grp = 0, usr_flg = 0,
		spatialprops =
		{
			pos = { 0.177816, 0.953072, -20.29471 },
			orient = { { -0.997865,  0.000000, -0.065307 },
					   {  0.000000,  1.000000,  0.000000 },
					   {  0.065307,  0.000000, -0.997865 } }
		}
	},

	{
		entity_name = "Mrk_TrentWlkAlign_00sec",
		type = MARKER,
		template_name = "",
		lt_grp = 0, srt_grp = 0, usr_flg = 0,
		spatialprops =
		{
			pos = { -0.728067, 0.969072, -20.22286 },
			orient = { { -0.991735,  0.000000, -0.128301 },
					   {  0.000000,  1.000000,  0.000000 },
					   {  0.128301,  0.000000, -0.991735 } }
		}
	},

	{
		entity_name = "Mrk_SinclairWlkAlign_10sec",
		type = MARKER,
		template_name = "",
		lt_grp = 0, srt_grp = 0, usr_flg = 0,
		spatialprops =
		{
			pos = { 0.177816, 0.953072, -20.29471 },
			orient = { { -0.992392,  0.000000, -0.123118 },
					   {  0.000000,  1.000000,  0.000000 },
					   {  0.123118,  0.000000, -0.992392 } }
		}
	},

	{
		entity_name = "Mrk_Offscreen",
		type = MARKER,
		template_name = "",
		lt_grp = 0, srt_grp = 0, usr_flg = 0,
		spatialprops =
		{
			pos = { 1000, 0, 0 },
			orient = { { 1, 0, 0 }, { 0, 1, 0 }, { 0, 0, 1 } }
		}
	},

	{
		entity_name = "Mrk_SinclairWlkAlign_0sec",
		type = MARKER,
		template_name = "",
		lt_grp = 0, srt_grp = 0, usr_flg = 0,
		spatialprops =
		{
			pos = { -3.374469, 0, -9.063041 },
			orient = { { -0.364109,  0.000000, -0.931356 },
					   {  0.000000,  1.000000,  0.000000 },
					   {  0.931356,  0.000000, -0.364109 } }
		}
	},

	{
		entity_name = "Char_TrentWlkAlign_14sec",
		type = MARKER,
		template_name = "",
		lt_grp = 0, srt_grp = 0, usr_flg = 0,
		spatialprops =
		{
			pos = { 3.802416, 0, -10.52258 },
			orient = { { -0.338485,  0.000000, -0.940972 },
					   {  0.000000,  1.000000,  0.000000 },
					   {  0.940972,  0.000000, -0.338485 } }
		}
	},

	{
		entity_name = "Mrk_JuniWlkAlign_14sec",
		type = MARKER,
		template_name = "",
		lt_grp = 0, srt_grp = 0, usr_flg = 0,
		spatialprops =
		{
			pos = { 3.219216, 0, -8.930656 },
			orient = { {  0.019795,  0.000000, -0.999804 },
					   {  0.000000,  1.000000,  0.000000 },
					   {  0.999804,  0.000000,  0.019795 } }
		}
	},

	{
		entity_name = "Mrk_SinclairRtHandIK_16sec",
		type = MARKER,
		template_name = "",
		lt_grp = 0, srt_grp = 0, usr_flg = 0,
		spatialprops =
		{
			pos = { -2.950145, 1.089713, -8.794464 },
			orient = { { -0.117230,  0.000000,  0.993105 },
					   {  0.000000,  1.000000,  0.000000 },
					   { -0.993105,  0.000000, -0.117230 } }
		}
	},

	{
		entity_name = "Mrk_SinclairWlkAlign_35sec",
		type = MARKER,
		template_name = "",
		lt_grp = 0, srt_grp = 0, usr_flg = 0,
		spatialprops =
		{
			pos = { -2.79024, 0.940883, -9.081992 },
			orient = { { -0.679138,  0.000000,  0.734010 },
					   {  0.000000,  1.000000,  0.000000 },
					   { -0.734010,  0.000000, -0.679138 } }
		}
	},

	{
		entity_name = "Mrk_JuniWlkAlign_104sec",
		type = MARKER,
		template_name = "",
		lt_grp = 0, srt_grp = 0, usr_flg = 0,
		spatialprops =
		{
			pos = { 1.202226, 0.954889, -8.931182 },
			orient = { {  0.975435,  0.000000, -0.220287 },
					   {  0.000000,  1.000000,  0.000000 },
					   {  0.220287,  0.000000,  0.975435 } }
		}
	},

	{
		entity_name = "Mrk_SinclairWlkAlign_93sec",
		type = MARKER,
		template_name = "",
		lt_grp = 0, srt_grp = 0, usr_flg = 0,
		spatialprops =
		{
			pos = { 1.863834, 0.952135, -9.789037 },
			orient = { { -0.526630,  0.000000, -0.850094 },
					   {  0.000000,  1.000000,  0.000000 },
					   {  0.850094,  0.000000, -0.526630 } }
		}
	},

	{
		entity_name = "Mrk_AsstWlkAlign_128sec",
		type = MARKER,
		template_name = "",
		lt_grp = 0, srt_grp = 0, usr_flg = 0,
		spatialprops =
		{
			pos = { -0.015157, 1.38315, -24.62327 },
			orient = { { -0.994140,  0.000000,  0.108104 },
					   {  0.000000,  1.000000,  0.000000 },
					   { -0.108104,  0.000000, -0.994140 } }
		}
	},

	{
		entity_name = "Mrk_JuniWlkAlign_27sec",
		type = MARKER,
		template_name = "",
		lt_grp = 0, srt_grp = 0, usr_flg = 0,
		spatialprops =
		{
			pos = { 1.400303, 0.955938, -8.713349 },
			orient = { { -0.853524,  0.000000, -0.521053 },
					   {  0.000000,  1.000000,  0.000000 },
					   {  0.521053,  0.000000, -0.853524 } }
		}
	},

	{
		entity_name = "Mrk_SinclairWlkAlign_77sec",
		type = MARKER,
		template_name = "",
		lt_grp = 0, srt_grp = 0, usr_flg = 0,
		spatialprops =
		{
			pos = { -4.273952, 0.95882, -9.477359 },
			orient = { { -0.954992,  0.000000,  0.296630 },
					   {  0.000000,  1.000000,  0.000000 },
					   { -0.296630,  0.000000, -0.954992 } }
		}
	},

	{
		entity_name = "Mrk_TrentWlkAlign_140sec",
		type = MARKER,
		template_name = "",
		lt_grp = 0, srt_grp = 0, usr_flg = 0,
		spatialprops =
		{
			pos = { 0.569273, 0.97002, -12.31931 },
			orient = { { -0.210214,  0.000000,  0.977655 },
					   {  0.000000,  1.000000,  0.000000 },
					   { -0.977655,  0.000000, -0.210214 } }
		}
	},

	{
		entity_name = "Mrk_TrentStayPut_120sec",
		type = MARKER,
		template_name = "",
		lt_grp = 0, srt_grp = 0, usr_flg = 0,
		spatialprops =
		{
			pos = { 0.643176, 0.96516, -12.31421 },
			orient = { {  0.975057,  0.000000,  0.221955 },
					   {  0.000000,  1.000000,  0.000000 },
					   { -0.221955,  0.000000,  0.975057 } }
		}
	},

	{
		entity_name = "Mrk_JuniStayPut_120sec",
		type = MARKER,
		template_name = "",
		lt_grp = 0, srt_grp = 0, usr_flg = 0,
		spatialprops =
		{
			pos = { 2.252849, 0.95477, -11.84393 },
			orient = { {  0.771365,  0.000000, -0.636393 },
					   {  0.000000,  1.000000,  0.000000 },
					   {  0.636393,  0.000000,  0.771365 } }
		}
	},

	{
		entity_name = "Mrk_SinclairStayPut_120sec",
		type = MARKER,
		template_name = "",
		lt_grp = 0, srt_grp = 0, usr_flg = 0,
		spatialprops =
		{
			pos = { 1.152011, 0.959263, -13.24268 },
			orient = { { -0.913742,  0.000000,  0.406294 },
					   {  0.000000,  1.000000,  0.000000 },
					   { -0.406294,  0.000000, -0.913742 } }
		}
	},

	{
		entity_name = "Mrk_TrentWlkAlign_46sec",
		type = MARKER,
		template_name = "",
		lt_grp = 0, srt_grp = 0, usr_flg = 0,
		spatialprops =
		{
			pos = { 3.022372, 0.975506, -10.02667 },
			orient = { { -0.074808,  0.000000, -0.997198 },
					   {  0.000000,  1.000000,  0.000000 },
					   {  0.997198,  0.000000, -0.074808 } }
		}
	},

	{
		entity_name = "Mrk_JuniWlkAlign_66sec",
		type = MARKER,
		template_name = "",
		lt_grp = 0, srt_grp = 0, usr_flg = 0,
		spatialprops =
		{
			pos = { 1.990798, 0.950993, -7.373943 },
			orient = { {  0.917937,  0.000000, -0.396725 },
					   {  0.000000,  1.000000,  0.000000 },
					   {  0.396725,  0.000000,  0.917937 } }
		}
	},

	{
		entity_name = "Mrk_TrentWlkAlign_120sec",
		type = MARKER,
		template_name = "",
		lt_grp = 0, srt_grp = 0, usr_flg = 0,
		spatialprops =
		{
			pos = { -1.082093, 0.965245, -11.17946 },
			orient = { {  0.997159,  0.000000,  0.075331 },
					   {  0.000000,  1.000000,  0.000000 },
					   { -0.075331,  0.000000,  0.997159 } }
		}
	},

	{
		entity_name = "Mrk_SinclairWlkAlign_130sec",
		type = MARKER,
		template_name = "",
		lt_grp = 0, srt_grp = 0, usr_flg = 0,
		spatialprops =
		{
			pos = { -0.716206, 0.95927, -13.35964 },
			orient = { {  0.629190,  0.000000,  0.777252 },
					   {  0.000000,  1.000000,  0.000000 },
					   { -0.777252,  0.000000,  0.629190 } }
		}
	},

	{
		entity_name = "Cam_05_CUArt_01",
		type = CAMERA,
		template_name = "",
		lt_grp = 0, srt_grp = 0, usr_flg = 0,
		flags = HIDDEN,
		spatialprops =
		{
			pos = { -3.657572, 0.80196, -8.56667 },
			orient = { {  0.913381,  0.000000, -0.407106 },
					   {  0.101704,  0.968292,  0.228183 },
					   {  0.394197, -0.249823,  0.884419 } }
		},
		cameraprops =
		{
			fovh = 30,
			hvaspect = 1.85,
			nearplane = 0.2,
			farplane = 4000
		}
	},

	{
		entity_name = "prop_artifact_crystal",
		type = COMPOUND,
		template_name = "prop_artifact_crystal",
		lt_grp = 2, srt_grp = 0, usr_flg = 0,
		flags = LIT_DYNAMIC,
		spatialprops =
		{
			pos = { -3.942287, 0.827641, -8.939959 },
			orient = { {  0.777006,  0.084321,  0.623821 },
					   {  0.446478, -0.772409, -0.451709 },
					   {  0.443756,  0.629503, -0.637814 } }
		},
		userprops =
		{
			category = "Prop",
		}
	},

	{
		entity_name = "Cam_06_Med3Shot_TrentCrosses",
		type = CAMERA,
		template_name = "",
		lt_grp = 0, srt_grp = 0, usr_flg = 0,
		flags = HIDDEN,
		spatialprops =
		{
			pos = { -6.047894, 1.484729, -8.186868 },
			orient = { {  0.468747,  0.000000,  0.883332 },
					   {  0.094301,  0.994285, -0.050042 },
					   { -0.878284,  0.106756,  0.466068 } }
		},
		cameraprops =
		{
			fovh = 23,
			hvaspect = 1.85,
			nearplane = 0.4,
			farplane = 4000
		}
	},

	{
		entity_name = "Cam_08_Med3Shot_JTS_01",
		type = CAMERA,
		template_name = "",
		lt_grp = 0, srt_grp = 0, usr_flg = 0,
		flags = HIDDEN,
		spatialprops =
		{
			pos = { -0.270734, 1.560962, -14.24066 },
			orient = { { -0.976058,  0.000000,  0.217512 },
					   {  0.031581,  0.989404,  0.141714 },
					   { -0.215207,  0.145190, -0.965715 } }
		},
		cameraprops =
		{
			fovh = 25,
			hvaspect = 1.85,
			nearplane = 0.4,
			farplane = 4000
		}
	},

	{
		entity_name = "Cam_08_Med3Shot_JTS_02",
		type = CAMERA,
		template_name = "",
		lt_grp = 0, srt_grp = 0, usr_flg = 0,
		flags = HIDDEN,
		spatialprops =
		{
			pos = { 0.492272, 1.644724, -13.60033 },
			orient = { { -0.971009,  0.000000,  0.239042 },
					   {  0.041911,  0.984510,  0.170246 },
					   { -0.235339,  0.175329, -0.955968 } }
		},
		cameraprops =
		{
			fovh = 25,
			hvaspect = 1.85,
			nearplane = 0.4,
			farplane = 4000
		}
	},

	{
		entity_name = "Cam_11_Tracking3Shot_01",
		type = CAMERA,
		template_name = "",
		lt_grp = 0, srt_grp = 0, usr_flg = 0,
		flags = HIDDEN,
		spatialprops =
		{
			pos = { 2.646133, 1.227728, -15.99172 },
			orient = { { -0.908683,  0.000000, -0.417487 },
					   { -0.044032,  0.994422,  0.095839 },
					   {  0.415159,  0.105470, -0.903615 } }
		},
		cameraprops =
		{
			fovh = 30,
			hvaspect = 1.85,
			nearplane = 0.4,
			farplane = 4000
		}
	},

	{
		entity_name = "Cam_11_Tracking3Shot_05",
		type = CAMERA,
		template_name = "",
		lt_grp = 0, srt_grp = 0, usr_flg = 0,
		flags = HIDDEN,
		spatialprops =
		{
			pos = { -1.322173, 1.397878, -15.58929 },
			orient = { { -0.937912,  0.000000,  0.346873 },
					   {  0.045434,  0.991385,  0.122848 },
					   { -0.343884,  0.130981, -0.929832 } }
		},
		cameraprops =
		{
			fovh = 30,
			hvaspect = 1.85,
			nearplane = 0.4,
			farplane = 4000
		}
	},

	{
		entity_name = "Cam_12_MedSin_01",
		type = CAMERA,
		template_name = "",
		lt_grp = 0, srt_grp = 0, usr_flg = 0,
		flags = HIDDEN,
		spatialprops =
		{
			pos = { 0.003288, 1.498861, -12.59632 },
			orient = { {  0.865158, -0.004140, -0.501482 },
					   { -0.012929,  0.999449, -0.030557 },
					   {  0.501333,  0.032920,  0.864628 } }
		},
		cameraprops =
		{
			fovh = 20,
			hvaspect = 1.85,
			nearplane = 0.4,
			farplane = 2500
		}
	},

	{
		entity_name = "Cam_13_ProfileJuni",
		type = CAMERA,
		template_name = "",
		lt_grp = 0, srt_grp = 0, usr_flg = 0,
		flags = HIDDEN,
		spatialprops =
		{
			pos = { 1.058673, 1.571488, -14.65715 },
			orient = { { -0.929530,  0.000000, -0.368746 },
					   { -0.043278,  0.993089,  0.109094 },
					   {  0.366198,  0.117364, -0.923106 } }
		},
		cameraprops =
		{
			fovh = 25,
			hvaspect = 1.85,
			nearplane = 0.4,
			farplane = 4000
		}
	},

	{
		entity_name = "Cam_10_Med_Juni_01",
		type = CAMERA,
		template_name = "",
		lt_grp = 0, srt_grp = 0, usr_flg = 0,
		flags = HIDDEN,
		spatialprops =
		{
			pos = { 2.25787, 0.681949, -12.70774 },
			orient = { { -0.993986,  0.000000, -0.109503 },
					   {  0.029434,  0.963197, -0.267180 },
					   {  0.105473, -0.268796, -0.957405 } }
		},
		cameraprops =
		{
			fovh = 20,
			hvaspect = 1.85,
			nearplane = 0.4,
			farplane = 4000
		}
	},

	{
		entity_name = "Cam_10_Med_Juni_02",
		type = CAMERA,
		template_name = "",
		lt_grp = 0, srt_grp = 0, usr_flg = 0,
		flags = HIDDEN,
		spatialprops =
		{
			pos = { 1.156178, 1.272239, -12.76517 },
			orient = { { -0.929801,  0.000000,  0.368062 },
					   { -0.027814,  0.997141, -0.070263 },
					   { -0.367010, -0.075568, -0.927143 } }
		},
		cameraprops =
		{
			fovh = 20,
			hvaspect = 1.85,
			nearplane = 0.4,
			farplane = 4000
		}
	},

	{
		entity_name = "Mrk_aTrentStayPut_109sec",
		type = MARKER,
		template_name = "",
		lt_grp = 0, srt_grp = 0, usr_flg = 0,
		spatialprops =
		{
			pos = { -1.423476, 0.972901, -9.987527 },
			orient = { {  0.826692,  0.000000,  0.562655 },
					   {  0.000000,  1.000000,  0.000000 },
					   { -0.562655,  0.000000,  0.826692 } }
		}
	},

	{
		entity_name = "Mrk_SinHeadIKLeft_120sec",
		type = MARKER,
		template_name = "",
		lt_grp = 0, srt_grp = 0, usr_flg = 0,
		spatialprops =
		{
			pos = { 0.637175, 1.551971, -11.50351 },
			orient = { { 1, 0, 0 }, { 0, 1, 0 }, { 0, 0, 1 } }
		}
	},

	{
		entity_name = "Mrk_SinHeadIKRight_120sec",
		type = MARKER,
		template_name = "",
		lt_grp = 0, srt_grp = 0, usr_flg = 0,
		spatialprops =
		{
			pos = { -1.32674, 1.551971, -11.98193 },
			orient = { { 1, 0, 0 }, { 0, 1, 0 }, { 0, 0, 1 } }
		}
	},

	{
		entity_name = "Cam_15_CUSin",
		type = CAMERA,
		template_name = "",
		lt_grp = 0, srt_grp = 0, usr_flg = 0,
		flags = HIDDEN,
		spatialprops =
		{
			pos = { 1.816244, 1.130118, -13.84234 },
			orient = { {  0.055584,  0.000000, -0.998454 },
					   {  0.114327,  0.993423,  0.006365 },
					   {  0.991887, -0.114504,  0.055219 } }
		},
		cameraprops =
		{
			fovh = 10,
			hvaspect = 1.85,
			nearplane = 0.4,
			farplane = 1000
		}
	},

	{
		entity_name = "Mrk_JuniStayPut_67sec",
		type = MARKER,
		template_name = "",
		lt_grp = 0, srt_grp = 0, usr_flg = 0,
		spatialprops =
		{
			pos = { 3.295421, 0.959226, -9.274161 },
			orient = { {  0.723769,  0.000000, -0.690043 },
					   {  0.000000,  1.000000,  0.000000 },
					   {  0.690043,  0.000000,  0.723769 } }
		}
	},

	{
		entity_name = "Cam_05_CUArt_02",
		type = CAMERA,
		template_name = "",
		lt_grp = 0, srt_grp = 0, usr_flg = 0,
		flags = HIDDEN,
		spatialprops =
		{
			pos = { -3.811456, 1.419501, -9.125739 },
			orient = { {  0.958509,  0.000000, -0.285063 },
					   {  0.006069,  0.999773,  0.020408 },
					   {  0.284999, -0.021291,  0.958291 } }
		},
		cameraprops =
		{
			fovh = 30,
			hvaspect = 1.85,
			nearplane = 0.4,
			farplane = 4000
		}
	},

	{
		entity_name = "Mrk_SinWlkAlign_100sec",
		type = MARKER,
		template_name = "",
		lt_grp = 0, srt_grp = 0, usr_flg = 0,
		spatialprops =
		{
			pos = { -0.24589, 0.954912, -12.13091 },
			orient = { {  0.999937,  0.000000, -0.011231 },
					   {  0.000000,  1.000000,  0.000000 },
					   {  0.011231,  0.000000,  0.999937 } }
		}
	},

	{
		entity_name = "Cam_02_RuinsHighWide_01",
		type = CAMERA,
		template_name = "",
		lt_grp = 0, srt_grp = 0, usr_flg = 0,
		flags = HIDDEN,
		spatialprops =
		{
			pos = { -9.274424, 8.216554, 9.557615 },
			orient = { {  0.624386,  0.000000,  0.781116 },
					   {  0.587980,  0.658314, -0.470003 },
					   { -0.514219,  0.752744,  0.411042 } }
		},
		cameraprops =
		{
			fovh = 30,
			hvaspect = 1.85,
			nearplane = 0.4,
			farplane = 4000
		}
	},

	{
		entity_name = "Cam_02_RuinsHighWide_02",
		type = CAMERA,
		template_name = "",
		lt_grp = 0, srt_grp = 0, usr_flg = 0,
		flags = HIDDEN,
		spatialprops =
		{
			pos = { -9.882729, 8.216552, 7.813038 },
			orient = { {  0.427590,  0.000000,  0.903973 },
					   {  0.612953,  0.735002, -0.289934 },
					   { -0.664421,  0.678065,  0.314280 } }
		},
		cameraprops =
		{
			fovh = 30,
			hvaspect = 1.85,
			nearplane = 0.4,
			farplane = 4000
		}
	},

	{
		entity_name = "Cam_02_RuinsHighWide_03",
		type = CAMERA,
		template_name = "",
		lt_grp = 0, srt_grp = 0, usr_flg = 0,
		flags = HIDDEN,
		spatialprops =
		{
			pos = { -10.41662, 8.216552, 7.172885 },
			orient = { {  0.640489,  0.000000,  0.767967 },
					   {  0.399323,  0.854182, -0.333038 },
					   { -0.655984,  0.519974,  0.547095 } }
		},
		cameraprops =
		{
			fovh = 30,
			hvaspect = 1.85,
			nearplane = 0.4,
			farplane = 4000
		}
	},

	{
		entity_name = "Mrk_LookAtArtifact",
		type = MARKER,
		template_name = "",
		lt_grp = 0, srt_grp = 0, usr_flg = 0,
		spatialprops =
		{
			pos = { -4.03965, 1.200346, -8.853251 },
			orient = { {  0.777005,  0.084321,  0.623821 },
					   {  0.446478, -0.772409, -0.451709 },
					   {  0.443756,  0.629503, -0.637814 } }
		}
	},

	{
		entity_name = "Char_JuniStayPut_40sec",
		type = MARKER,
		template_name = "",
		lt_grp = 0, srt_grp = 0, usr_flg = 0,
		spatialprops =
		{
			pos = { 1.327342, 0.959245, -9.428108 },
			orient = { {  0.978482,  0.000000,  0.206334 },
					   {  0.000000,  1.000000,  0.000000 },
					   { -0.206334,  0.000000,  0.978482 } }
		}
	},

	{
		entity_name = "Cam_03_Rail",
		type = CAMERA,
		template_name = "",
		lt_grp = 0, srt_grp = 0, usr_flg = 0,
		flags = HIDDEN,
		spatialprops =
		{
			pos = { 17.05232, 3.062426, 7.166616 },
			orient = { {  0.616911,  0.000000, -0.787033 },
					   { -0.097763,  0.992255, -0.076631 },
					   {  0.780937,  0.124217,  0.612133 } }
		},
		cameraprops =
		{
			fovh = 11,
			hvaspect = 1.85,
			nearplane = 2,
			farplane = 4000
		}
	},

	{
		entity_name = "Path_CamRuinsHighWide",
		type = MOTION_PATH,
		template_name = "",
		lt_grp = 0, srt_grp = 0, usr_flg = 0,
		spatialprops =
		{
			pos = { -9.882729, 8.216552, 7.813038 },
			orient = { {  0.498286, -0.004355,  0.867002 },
					   {  0.556931,  0.768004, -0.316224 },
					   { -0.664483,  0.640431,  0.385111 } }
		},
		pathprops =
		{
			path_type = "CV_CROrientationSplinePath",
			path_data = "OPEN,{1.815661,-0.212892,0.267649}, {0.993994,-0.078432,0.053055,0.054857}, {0.000000,0.000000,0.000000}, {0.998891,-0.024921,-0.031421,-0.024670}, {-0.821045,-0.094910,0.108233}, {0.993515,0.073589,0.069209,0.052175}, "
		}
	},

	{
		entity_name = "Cam_07_Rev3shot_01",
		type = CAMERA,
		template_name = "",
		lt_grp = 0, srt_grp = 0, usr_flg = 0,
		flags = HIDDEN,
		spatialprops =
		{
			pos = { 4.644008, 1.579618, -8.60747 },
			orient = { {  0.273323,  0.000000, -0.961922 },
					   { -0.077169,  0.996777, -0.021927 },
					   {  0.958822,  0.080224,  0.272442 } }
		},
		cameraprops =
		{
			fovh = 15,
			hvaspect = 1.85,
			nearplane = 0.4,
			farplane = 4000
		}
	},

	{
		entity_name = "Cam_07_Rev3shot_02",
		type = CAMERA,
		template_name = "",
		lt_grp = 0, srt_grp = 0, usr_flg = 0,
		flags = HIDDEN,
		spatialprops =
		{
			pos = { 7.392506, 1.653571, -11.22377 },
			orient = { { -0.207960,  0.000000, -0.978137 },
					   { -0.103763,  0.994357,  0.022061 },
					   {  0.972618,  0.106082, -0.206786 } }
		},
		cameraprops =
		{
			fovh = 15,
			hvaspect = 1.85,
			nearplane = 0.4,
			farplane = 4000
		}
	},

	{
		entity_name = "Cam_09_RevOTS",
		type = CAMERA,
		template_name = "",
		lt_grp = 0, srt_grp = 0, usr_flg = 0,
		flags = HIDDEN,
		spatialprops =
		{
			pos = { 3.159979, 1.668903, -10.23837 },
			orient = { {  0.564070,  0.000000, -0.825727 },
					   { -0.091537,  0.993837, -0.062530 },
					   {  0.820638,  0.110856,  0.560593 } }
		},
		cameraprops =
		{
			fovh = 15,
			hvaspect = 1.85,
			nearplane = 0.4,
			farplane = 4000
		}
	},

	{
		entity_name = "Cam_11_Tracking3Shot_02",
		type = CAMERA,
		template_name = "",
		lt_grp = 0, srt_grp = 0, usr_flg = 0,
		flags = HIDDEN,
		spatialprops =
		{
			pos = { 4.532406, 1.331264, -14.19696 },
			orient = { { -0.503308,  0.000000, -0.864107 },
					   { -0.122635,  0.989878,  0.071430 },
					   {  0.855361,  0.141921, -0.498213 } }
		},
		cameraprops =
		{
			fovh = 30,
			hvaspect = 1.85,
			nearplane = 0.4,
			farplane = 4000
		}
	},

	{
		entity_name = "Mrk_SinWlkAlign_99sec",
		type = MARKER,
		template_name = "",
		lt_grp = 0, srt_grp = 0, usr_flg = 0,
		spatialprops =
		{
			pos = { 0.373754, 0.930882, -13.26604 },
			orient = { { -0.860721,  0.000000,  0.509078 },
					   {  0.000000,  1.000000,  0.000000 },
					   { -0.509078,  0.000000, -0.860721 } }
		}
	},

	{
		entity_name = "Cam_12_MedSin_02",
		type = CAMERA,
		template_name = "",
		lt_grp = 0, srt_grp = 0, usr_flg = 0,
		flags = HIDDEN,
		spatialprops =
		{
			pos = { -0.223254, 1.418, -12.01724 },
			orient = { {  0.984061, -0.001744, -0.177822 },
					   { -0.006379,  0.998962, -0.045098 },
					   {  0.177716,  0.045514,  0.983029 } }
		},
		cameraprops =
		{
			fovh = 20,
			hvaspect = 1.85,
			nearplane = 0.4,
			farplane = 2500
		}
	},

	{
		entity_name = "Mrk_SinStandAlign_128sec",
		type = MARKER,
		template_name = "",
		lt_grp = 0, srt_grp = 0, usr_flg = 0,
		spatialprops =
		{
			pos = { -0.787716, 0.959772, -15.76412 },
			orient = { {  0.654136,  0.000000,  0.756377 },
					   {  0.000000,  1.000000,  0.000000 },
					   { -0.756377,  0.000000,  0.654136 } }
		}
	},

	{
		entity_name = "Cam_14_JTSA_PackUp",
		type = CAMERA,
		template_name = "",
		lt_grp = 0, srt_grp = 0, usr_flg = 0,
		flags = HIDDEN,
		spatialprops =
		{
			pos = { 0.258936, 1.804402, -16.01066 },
			orient = { { -0.796487,  0.000000, -0.604655 },
					   { -0.125611,  0.978184,  0.165462 },
					   {  0.591464,  0.207740, -0.779111 } }
		},
		cameraprops =
		{
			fovh = 25,
			hvaspect = 1.85,
			nearplane = 0.4,
			farplane = 1000
		}
	},

	{
		entity_name = "Char_TrentRunAlign_125sec",
		type = MARKER,
		template_name = "",
		lt_grp = 0, srt_grp = 0, usr_flg = 0,
		spatialprops =
		{
			pos = { -0.710178, 0.941584, -12.28471 },
			orient = { { -0.834506,  0.000000,  0.550999 },
					   {  0.000000,  1.000000,  0.000000 },
					   { -0.550999,  0.000000, -0.834506 } }
		}
	},

	{
		entity_name = "Path_CamShake_Y",
		type = MOTION_PATH,
		template_name = "",
		lt_grp = 0, srt_grp = 0, usr_flg = 0,
		spatialprops =
		{
			pos = { 2.060524, 1.675845, -13.03373 },
			orient = { {  0.158338,  0.000000, -0.987385 },
					   { -0.195409,  0.980221, -0.031336 },
					   {  0.967855,  0.197906,  0.155207 } }
		},
		pathprops =
		{
			path_type = "CV_CROrientationSplinePath",
			path_data = "OPEN,{0.000000,0.500000,0.000000}, {1.000000,0.000000,0.000000,0.000000}, {0.000000,-0.500000,0.000000}, {1.000000,0.000000,0.000000,0.000000}, "
		}
	},

	{
		entity_name = "Path_CamShake_X",
		type = MOTION_PATH,
		template_name = "",
		lt_grp = 0, srt_grp = 0, usr_flg = 0,
		spatialprops =
		{
			pos = { 2.060524, 1.675845, -13.03373 },
			orient = { {  0.158338,  0.000000, -0.987385 },
					   { -0.195409,  0.980221, -0.031336 },
					   {  0.967855,  0.197906,  0.155207 } }
		},
		pathprops =
		{
			path_type = "CV_CROrientationSplinePath",
			path_data = "OPEN,{0.000000,0.000000,0.500000}, {1.000000,0.000000,0.000000,0.000000}, {0.000000,0.000000,-0.500000}, {1.000000,0.000000,0.000000,0.000000}, "
		}
	},

	{
		entity_name = "vfx_rtc_ceilingdust_1",
		type = PSYS,
		template_name = "rtc_ceilingdust",
		lt_grp = 0, srt_grp = 0, usr_flg = 0,
		flags = LIT_DYNAMIC + LIT_AMBIENT,
		spatialprops =
		{
			pos = { 11.07065, 10.69473, 1.953899 },
			orient = { {  0.076006,  0.000000, -0.997107 },
					   { -0.090981,  0.995828, -0.006935 },
					   {  0.992948,  0.091245,  0.075689 } }
		},
		psysprops =
		{
			sparam = 0
		}
	},

	{
		entity_name = "Cam_04_BoomDown_02",
		type = CAMERA,
		template_name = "",
		lt_grp = 0, srt_grp = 0, usr_flg = 0,
		flags = HIDDEN,
		spatialprops =
		{
			pos = { -6.799135, 1.685483, -14.62231 },
			orient = { { -0.714494,  0.000000,  0.699641 },
					   {  0.087038,  0.992232,  0.088886 },
					   { -0.694206,  0.124404, -0.708944 } }
		},
		cameraprops =
		{
			fovh = 25,
			hvaspect = 1.85,
			nearplane = 0.4,
			farplane = 4000
		}
	},

	{
		entity_name = "Cam_04_BoomDown_01",
		type = CAMERA,
		template_name = "",
		lt_grp = 0, srt_grp = 0, usr_flg = 0,
		flags = HIDDEN,
		spatialprops =
		{
			pos = { -7.871834, 2.545579, -13.34072 },
			orient = { { -0.595189,  0.000000,  0.803586 },
					   {  0.144856,  0.983619,  0.107290 },
					   { -0.790422,  0.180262, -0.585439 } }
		},
		cameraprops =
		{
			fovh = 25,
			hvaspect = 1.85,
			nearplane = 0.4,
			farplane = 4000
		}
	},

	{
		entity_name = "Mrk_ArtStayPut",
		type = MARKER,
		template_name = "",
		lt_grp = 0, srt_grp = 0, usr_flg = 0,
		spatialprops =
		{
			pos = { -3.886789, 0.904018, -9.060761 },
			orient = { {  0.777005,  0.084321,  0.623821 },
					   {  0.446478, -0.772409, -0.451709 },
					   {  0.443756,  0.629503, -0.637814 } }
		}
	},

	{
		entity_name = "Mrk_TurnSin10sec",
		type = MARKER,
		template_name = "",
		lt_grp = 0, srt_grp = 0, usr_flg = 0,
		spatialprops =
		{
			pos = { -3.038122, 0.948742, -8.982334 },
			orient = { { -0.402417,  0.000000,  0.915457 },
					   {  0.000000,  1.000000,  0.000000 },
					   { -0.915457,  0.000000, -0.402417 } }
		}
	},

	{
		entity_name = "Mrk_SinAlign40sec",
		type = MARKER,
		template_name = "",
		lt_grp = 0, srt_grp = 0, usr_flg = 0,
		spatialprops =
		{
			pos = { -4.03196, 0.953044, -9.551767 },
			orient = { { -0.755641,  0.000000,  0.654986 },
					   {  0.000000,  1.000000,  0.000000 },
					   { -0.654986,  0.000000, -0.755641 } }
		}
	},

	{
		entity_name = "Cam_05_CUArt_03",
		type = CAMERA,
		template_name = "",
		lt_grp = 0, srt_grp = 0, usr_flg = 0,
		flags = HIDDEN,
		spatialprops =
		{
			pos = { -3.609334, 1.492094, -8.693792 },
			orient = { {  0.841349,  0.000000, -0.540493 },
					   { -0.024616,  0.998962, -0.038317 },
					   {  0.539932,  0.045543,  0.840476 } }
		},
		cameraprops =
		{
			fovh = 30,
			hvaspect = 1.85,
			nearplane = 0.4,
			farplane = 4000
		}
	},

	{
		entity_name = "Mrk_SinWlkAlign_31sec",
		type = MARKER,
		template_name = "",
		lt_grp = 0, srt_grp = 0, usr_flg = 0,
		spatialprops =
		{
			pos = { -1.9884, 0.940521, -8.075725 },
			orient = { { -0.906732,  0.000000,  0.421708 },
					   {  0.000000,  1.000000,  0.000000 },
					   { -0.421708,  0.000000, -0.906732 } }
		}
	},

	{
		entity_name = "Path_OpenCamArtCU",
		type = MOTION_PATH,
		template_name = "",
		lt_grp = 0, srt_grp = 0, usr_flg = 0,
		spatialprops =
		{
			pos = { 0, 0, 0 },
			orient = { { 1, 0, 0 }, { 0, 1, 0 }, { 0, 0, 1 } }
		},
		pathprops =
		{
			path_type = "CV_CROrientationSplinePath",
			path_data = "OPEN,{-4.704605,1.142661,-8.702162}, {0.776740,-0.132760,-0.606869,-0.103726}, {-4.696410,1.332793,-8.374796}, {0.791707,0.007628,-0.610826,0.005885}, {-3.939182,1.552158,-8.131196}, {0.819492,-0.033238,-0.571655,-0.023186}, "
		}
	},

	{
		entity_name = "Mrk_SinLookAt_13sec",
		type = MARKER,
		template_name = "",
		lt_grp = 0, srt_grp = 0, usr_flg = 0,
		spatialprops =
		{
			pos = { -1.9884, 1.307924, -8.075725 },
			orient = { {  0.737868,  0.000000, -0.674945 },
					   {  0.000000,  1.000000,  0.000000 },
					   {  0.674945,  0.000000,  0.737868 } }
		}
	},

	{
		entity_name = "Mrk_SinclairTurnAlign_107sec",
		type = MARKER,
		template_name = "",
		lt_grp = 0, srt_grp = 0, usr_flg = 0,
		spatialprops =
		{
			pos = { -0.990033, 0.95746, -13.49802 },
			orient = { { -0.806331,  0.000000,  0.591465 },
					   {  0.000000,  1.000000,  0.000000 },
					   { -0.591465,  0.000000, -0.806331 } }
		}
	},

	{
		entity_name = "Mrk_aSinStayPut",
		type = MARKER,
		template_name = "",
		lt_grp = 0, srt_grp = 0, usr_flg = 0,
		spatialprops =
		{
			pos = { -0.572008, 0.957836, -13.35473 },
			orient = { { -0.844046,  0.000000,  0.536270 },
					   {  0.000000,  1.000000,  0.000000 },
					   { -0.536270,  0.000000, -0.844046 } }
		}
	},

	{
		entity_name = "Cam_11_Tracking3Shot_03",
		type = CAMERA,
		template_name = "",
		lt_grp = 0, srt_grp = 0, usr_flg = 0,
		flags = HIDDEN,
		spatialprops =
		{
			pos = { 3.773222, 1.302037, -15.09448 },
			orient = { { -0.610483,  0.000000, -0.792029 },
					   { -0.095253,  0.992742,  0.073419 },
					   {  0.786281,  0.120264, -0.606052 } }
		},
		cameraprops =
		{
			fovh = 30,
			hvaspect = 1.85,
			nearplane = 0.4,
			farplane = 4000
		}
	},

	{
		entity_name = "Cam_11_Tracking3Shot_04",
		type = CAMERA,
		template_name = "",
		lt_grp = 0, srt_grp = 0, usr_flg = 0,
		flags = HIDDEN,
		spatialprops =
		{
			pos = { 1.578055, 1.186637, -16.39815 },
			orient = { { -0.950924,  0.000000, -0.309424 },
					   { -0.024837,  0.996773,  0.076328 },
					   {  0.308426,  0.080267, -0.947856 } }
		},
		cameraprops =
		{
			fovh = 30,
			hvaspect = 1.85,
			nearplane = 0.4,
			farplane = 4000
		}
	},

	{
		entity_name = "Cam_14b_OTSJuni_SHAKE",
		type = CAMERA,
		template_name = "",
		lt_grp = 0, srt_grp = 0, usr_flg = 0,
		flags = HIDDEN,
		spatialprops =
		{
			pos = { 2.060524, 1.675845, -13.03373 },
			orient = { {  0.158339,  0.000000, -0.987385 },
					   { -0.195409,  0.980221, -0.031336 },
					   {  0.967855,  0.197906,  0.155207 } }
		},
		cameraprops =
		{
			fovh = 25,
			hvaspect = 1.85,
			nearplane = 0.4,
			farplane = 1000
		}
	},

	{
		entity_name = "Cam_Monitor_static_cam",
		type = MONITOR,
		template_name = "",
		lt_grp = 0, srt_grp = 0, usr_flg = 0,
		userprops =
		{
			Priority = "Monitor_Static_1",
		}
	},

	{
		entity_name = "Cam_static_01_OpenCU_Artifact_b",
		type = CAMERA,
		template_name = "",
		lt_grp = 0, srt_grp = 0, usr_flg = 0,
		flags = HIDDEN,
		spatialprops =
		{
			pos = { -3.940186, 1.55188, -8.131498 },
			orient = { {  0.345227,  0.000007,  0.938519 },
					   {  0.075858,  0.996728, -0.027912 },
					   { -0.935449,  0.080830,  0.344097 } }
		},
		cameraprops =
		{
			fovh = 20,
			hvaspect = 1.85,
			nearplane = 0.4,
			farplane = 500
		}
	},

	{
		entity_name = "Cam_static_01_OpenCU_Artifact_a",
		type = CAMERA,
		template_name = "",
		lt_grp = 0, srt_grp = 0, usr_flg = 0,
		flags = HIDDEN,
		spatialprops =
		{
			pos = { -4.704605, 1.142661, -8.702162 },
			orient = { {  0.241902,  0.000001,  0.970301 },
					   {  0.322273,  0.943231, -0.080345 },
					   { -0.915218,  0.332137,  0.228169 } }
		},
		cameraprops =
		{
			fovh = 20,
			hvaspect = 1.85,
			nearplane = 0.4,
			farplane = 500
		}
	},

	{
		entity_name = "Cam_static_02_RuinsHighWide",
		type = CAMERA,
		template_name = "",
		lt_grp = 0, srt_grp = 0, usr_flg = 0,
		flags = HIDDEN,
		spatialprops =
		{
			pos = { -10.4138, 8.216552, 7.175991 },
			orient = { {  0.639360, -0.000144,  0.768908 },
					   {  0.400591,  0.853627, -0.332938 },
					   { -0.656312,  0.520885,  0.545833 } }
		},
		cameraprops =
		{
			fovh = 30,
			hvaspect = 1.85,
			nearplane = 0.4,
			farplane = 4000
		}
	},

	{
		entity_name = "Cam_static_02_RuinsHighWide_b",
		type = CAMERA,
		template_name = "",
		lt_grp = 0, srt_grp = 0, usr_flg = 0,
		flags = HIDDEN,
		spatialprops =
		{
			pos = { -5.652435, 2.580742, -15.7443 },
			orient = { { -0.875117,  0.000000,  0.483912 },
					   {  0.049181,  0.994822,  0.088940 },
					   { -0.481406,  0.101633, -0.870586 } }
		},
		cameraprops =
		{
			fovh = 30,
			hvaspect = 1.85,
			nearplane = 1,
			farplane = 1000
		}
	},

	{
		entity_name = "Cam_static_02_RuinsHighWide_c",
		type = CAMERA,
		template_name = "",
		lt_grp = 0, srt_grp = 0, usr_flg = 0,
		flags = HIDDEN,
		spatialprops =
		{
			pos = { -2.074975, 1.627683, -7.114717 },
			orient = { {  0.120235,  0.000000,  0.992746 },
					   {  0.114657,  0.993308, -0.013886 },
					   { -0.986102,  0.115495,  0.119430 } }
		},
		cameraprops =
		{
			fovh = 20,
			hvaspect = 1.85,
			nearplane = 0.4,
			farplane = 1000
		}
	},

	{
		entity_name = "Cam_static_04_BoomDown_02",
		type = CAMERA,
		template_name = "",
		lt_grp = 0, srt_grp = 0, usr_flg = 0,
		spatialprops =
		{
			pos = { -6.799135, 1.685483, -14.62231 },
			orient = { { -0.714494,  0.000000,  0.699641 },
					   {  0.087038,  0.992232,  0.088886 },
					   { -0.694206,  0.124404, -0.708944 } }
		},
		cameraprops =
		{
			fovh = 25,
			hvaspect = 1.85,
			nearplane = 0.4,
			farplane = 4000
		}
	},

	{
		entity_name = "Cam_static_05_CUArt_01",
		type = CAMERA,
		template_name = "",
		lt_grp = 0, srt_grp = 0, usr_flg = 0,
		flags = HIDDEN,
		spatialprops =
		{
			pos = { -3.615377, 0.833095, -8.436142 },
			orient = { {  0.960720,  0.000000, -0.277520 },
					   {  0.048004,  0.984926,  0.166181 },
					   {  0.273337, -0.172975,  0.946238 } }
		},
		cameraprops =
		{
			fovh = 30,
			hvaspect = 1.85,
			nearplane = 0.2,
			farplane = 4000
		}
	},

	{
		entity_name = "Cam_static_07_Rev3shot_01",
		type = CAMERA,
		template_name = "",
		lt_grp = 0, srt_grp = 0, usr_flg = 0,
		flags = HIDDEN,
		spatialprops =
		{
			pos = { 7.149939, 1.647044, -10.99287 },
			orient = { { -0.204319,  0.000000, -0.978904 },
					   { -0.114358,  0.993153,  0.023869 },
					   {  0.972202,  0.116823, -0.202920 } }
		},
		cameraprops =
		{
			fovh = 15,
			hvaspect = 1.85,
			nearplane = 0.4,
			farplane = 4000
		}
	},

	{
		entity_name = "Cam_static_08_Med3Shot_JTS_01",
		type = CAMERA,
		template_name = "",
		lt_grp = 0, srt_grp = 0, usr_flg = 0,
		flags = HIDDEN,
		spatialprops =
		{
			pos = { 0.279929, 1.633984, -14.10485 },
			orient = { { -0.991082,  0.000000,  0.133252 },
					   {  0.024391,  0.983104,  0.181414 },
					   { -0.131001,  0.183047, -0.974337 } }
		},
		cameraprops =
		{
			fovh = 25,
			hvaspect = 1.85,
			nearplane = 0.4,
			farplane = 4000
		}
	},

	{
		entity_name = "Cam_static_08_Med3Shot_JTS_01_b",
		type = CAMERA,
		template_name = "",
		lt_grp = 0, srt_grp = 0, usr_flg = 0,
		flags = HIDDEN,
		spatialprops =
		{
			pos = { 0.524756, 1.588189, -13.5731 },
			orient = { { -0.981034,  0.000000,  0.193836 },
					   {  0.026663,  0.990494,  0.134946 },
					   { -0.191993,  0.137555, -0.971708 } }
		},
		cameraprops =
		{
			fovh = 25,
			hvaspect = 1.85,
			nearplane = 0.4,
			farplane = 4000
		}
	},

	{
		entity_name = "Cam_static_10_Med_Juni_01",
		type = CAMERA,
		template_name = "",
		lt_grp = 0, srt_grp = 0, usr_flg = 0,
		flags = HIDDEN,
		spatialprops =
		{
			pos = { 1.945769, 1.211864, -12.85309 },
			orient = { { -0.993783,  0.002866,  0.111295 },
					   { -0.008445,  0.994849, -0.101019 },
					   { -0.111011, -0.101331, -0.988640 } }
		},
		cameraprops =
		{
			fovh = 20,
			hvaspect = 1.85,
			nearplane = 0.4,
			farplane = 4000
		}
	},

	{
		entity_name = "Cam_static_11_Tracking3Shot_01",
		type = CAMERA,
		template_name = "",
		lt_grp = 0, srt_grp = 0, usr_flg = 0,
		flags = HIDDEN,
		spatialprops =
		{
			pos = { 1.703412, 1.185376, -16.37909 },
			orient = { { -0.940778, -0.000696, -0.339023 },
					   { -0.027872,  0.996772,  0.075296 },
					   {  0.337876,  0.080286, -0.937760 } }
		},
		cameraprops =
		{
			fovh = 30,
			hvaspect = 1.85,
			nearplane = 0.4,
			farplane = 4000
		}
	},

	{
		entity_name = "Cam_static_11_Tracking3Shot_b",
		type = CAMERA,
		template_name = "",
		lt_grp = 0, srt_grp = 0, usr_flg = 0,
		flags = HIDDEN,
		spatialprops =
		{
			pos = { -1.137165, 1.382999, -15.65066 },
			orient = { { -0.951374,  0.001103,  0.308036 },
					   {  0.040333,  0.991830,  0.121020 },
					   { -0.305386,  0.127559, -0.943646 } }
		},
		cameraprops =
		{
			fovh = 30,
			hvaspect = 1.85,
			nearplane = 0.4,
			farplane = 4000
		}
	},

	{
		entity_name = "Cam_static_12_MedSin_01",
		type = CAMERA,
		template_name = "",
		lt_grp = 0, srt_grp = 0, usr_flg = 0,
		flags = HIDDEN,
		spatialprops =
		{
			pos = { -0.223254, 1.418, -12.01724 },
			orient = { {  0.980599,  0.000000, -0.196026 },
					   { -0.008924,  0.998963, -0.044643 },
					   {  0.195823,  0.045527,  0.979582 } }
		},
		cameraprops =
		{
			fovh = 25,
			hvaspect = 1.85,
			nearplane = 0.4,
			farplane = 2500
		}
	},

	{
		entity_name = "vfx_rtc_artifactglow",
		type = PSYS,
		template_name = "rtc_artifactglow",
		lt_grp = 0, srt_grp = 0, usr_flg = 0,
		flags = HIDDEN + LIT_DYNAMIC + LIT_AMBIENT,
		spatialprops =
		{
			pos = { 0, 0, 0 },
			orient = { { 1, 0, 0 }, { 0, 1, 0 }, { 0, 0, 1 } }
		},
		psysprops =
		{
			sparam = 0
		}
	},

	{
		entity_name = "Prop_table_dig_site",
		type = COMPOUND,
		template_name = "table_dig_site",
		lt_grp = 0, srt_grp = 0, usr_flg = 0,
		flags = LIT_DYNAMIC,
		spatialprops =
		{
			pos = { 4.457149, 0.398165, -8.764065 },
			orient = { { -0.010529,  0.000000, -0.999945 },
					   {  0.000000,  1.000000,  0.000000 },
					   {  0.999945,  0.000000, -0.010529 } }
		},
		userprops =
		{
			category = "Prop",
		}
	},

	{
		entity_name = "SET_st_01_dig_site_Dyna&Ambi_Lit",
		type = COMPOUND,
		template_name = "st_01_dig_site",
		lt_grp = 9, srt_grp = 0, usr_flg = 0,
		flags = LIT_DYNAMIC + LIT_AMBIENT,
		spatialprops =
		{
			pos = { 0, 0, 0 },
			orient = { { 1, 0, 0 }, { 0, 1, 0 }, { 0, 0, 1 } }
		},
		userprops =
		{
			category = "Room",
		}
	},

	{
		entity_name = "Prop_table_analyzer",
		type = COMPOUND,
		template_name = "table_analyzer",
		lt_grp = 0, srt_grp = 0, usr_flg = 0,
		flags = LIT_DYNAMIC,
		spatialprops =
		{
			pos = { -3.686486, 0.398995, -8.169765 },
			orient = { {  0.715366,  0.016323,  0.698559 },
					   {  0.698559,  0.006647, -0.715522 },
					   { -0.016323,  0.999845, -0.006647 } }
		},
		userprops =
		{
			category = "Prop",
		}
	},

	{
		entity_name = "Prop_parchment_panel_01_LtG08",
		type = COMPOUND,
		template_name = "parchment_panel_01",
