duration = 60.187;

entities =
{

	{
		entity_name = "Layer_Scene_s027xa_pl_04_pad",
		type = SCENE,
		template_name = "",
		lt_grp = 0, srt_grp = 0, usr_flg = 0,
		spatialprops =
		{
			pos = { 0, 0, 0 },
			orient = { { 1, 0, 0 }, { 0, 1, 0 }, { 0, 0, 1 } }
		},
		up = Y_AXIS,
		front = Z_AXIS,
		ambient = { 0, 0, 0 },
		userprops =
		{
			TextStart = "0.75000",
			TextString = "259612.01563",
		}
	},

	{
		entity_name = "Char_Trent",
		type = DEFORMABLE,
		template_name = "trent",
		lt_grp = 0, srt_grp = 0, usr_flg = 0,
		flags = LIT_DYNAMIC,
		spatialprops =
		{
			pos = { 0.802134, 0, 0 },
			orient = { { 1, 0, 0 }, { 0, 1, 0 }, { 0, 0, 1 } }
		},
		compoundprops =
		{
			floor_height = 0
		},
		userprops =
		{
			actor = "player",
			category = "Character",
		}
	},

	{
		entity_name = "Char_Juni",
		type = DEFORMABLE,
		template_name = "juni",
		lt_grp = 0, srt_grp = 0, usr_flg = 0,
		flags = LIT_DYNAMIC,
		spatialprops =
		{
			pos = { -0.708522, 0, 0 },
			orient = { { 1, 0, 0 }, { 0, 1, 0 }, { 0, 0, 1 } }
		},
		compoundprops =
		{
			floor_height = 0
		},
		userprops =
		{
			actor = "juni",
			category = "Character",
		}
	},

	{
		entity_name = "Char_Sinclair",
		type = DEFORMABLE,
		template_name = "sinclair",
		lt_grp = 0, srt_grp = 0, usr_flg = 0,
		flags = LIT_DYNAMIC,
		spatialprops =
		{
			pos = { 0, 0, 0 },
			orient = { { 1, 0, 0 }, { 0, 1, 0 }, { 0, 0, 1 } }
		},
		compoundprops =
		{
			floor_height = 0
		},
		userprops =
		{
			actor = "sinclair",
			category = "Character",
		}
	},

	{
		entity_name = "Char_Assistant_Male_02",
		type = DEFORMABLE,
		template_name = "assistant_male_1",
		lt_grp = 0, srt_grp = 0, usr_flg = 0,
		flags = LIT_DYNAMIC,
		spatialprops =
		{
			pos = { 1.754823, 0, 0 },
			orient = { { 1, 0, 0 }, { 0, 1, 0 }, { 0, 0, 1 } }
		},
		compoundprops =
		{
			floor_height = 0
		},
		userprops =
		{
			actor = "assist_02",
			category = "Character",
		}
	},

	{
		entity_name = "Camera_1",
		type = CAMERA,
		template_name = "",
		lt_grp = 0, srt_grp = 0, usr_flg = 0,
		spatialprops =
		{
			pos = { -30.67273, -69.64337, -241.1046 },
			orient = { { -0.480550,  0.000000,  0.876968 },
					   {  0.024602,  0.999606,  0.013481 },
					   { -0.876622,  0.028053, -0.480360 } }
		},
		cameraprops =
		{
			fovh = 30,
			hvaspect = 1.85,
			nearplane = 0.4,
			farplane = 4000
		}
	},

	{
		entity_name = "cam_Monitor",
		type = MONITOR,
		template_name = "",
		lt_grp = 0, srt_grp = 0, usr_flg = 0,
		userprops =
		{
			Priority = "Monitor_Moving_1",
		}
	},

	{
		entity_name = "Cam_EstDoorsOpen_01",
		type = CAMERA,
		template_name = "",
		lt_grp = 0, srt_grp = 0, usr_flg = 0,
		spatialprops =
		{
			pos = { 1.813186, 23.65846, -206.6444 },
			orient = { {  0.857706,  0.000000,  0.514140 },
					   { -0.509709,  0.131007,  0.850314 },
					   { -0.067356, -0.991381,  0.112366 } }
		},
		cameraprops =
		{
			fovh = 25,
			hvaspect = 1.85,
			nearplane = 1,
			farplane = 4000
		}
	},

	{
		entity_name = "Cam_EstDoorsOpen_02",
		type = CAMERA,
		template_name = "",
		lt_grp = 0, srt_grp = 0, usr_flg = 0,
		spatialprops =
		{
			pos = { 1.813186, 23.65846, -206.6444 },
			orient = { {  0.857706,  0.000000,  0.514140 },
					   {  0.489561,  0.305492, -0.816703 },
					   { -0.157066,  0.952195,  0.262022 } }
		},
		cameraprops =
		{
			fovh = 35,
			hvaspect = 1.85,
			nearplane = 0.4,
			farplane = 4000
		}
	},

	{
		entity_name = "Cam_EstDoorsOpen_03",
		type = CAMERA,
		template_name = "",
		lt_grp = 0, srt_grp = 0, usr_flg = 0,
		spatialprops =
		{
			pos = { -0.419736, -35.8173, -197.7032 },
			orient = { {  0.837311,  0.000000,  0.546727 },
					   { -0.165885,  0.952859,  0.254052 },
					   { -0.520953, -0.303414,  0.797839 } }
		},
		cameraprops =
		{
			fovh = 35,
			hvaspect = 1.85,
			nearplane = 0.4,
			farplane = 4000
		}
	},

	{
		entity_name = "Cam_ShipFollow_01",
		type = CAMERA,
		template_name = "",
		lt_grp = 0, srt_grp = 0, usr_flg = 0,
		spatialprops =
		{
			pos = { 179.2019, 129.654, 59.12508 },
			orient = { {  0.811623,  0.000000,  0.584181 },
					   { -0.091528,  0.987650,  0.127163 },
					   { -0.576967, -0.156678,  0.801599 } }
		},
		cameraprops =
		{
			fovh = 30,
			hvaspect = 1.85,
			nearplane = 4,
			farplane = 4000
		}
	},

	{
		entity_name = "ship_PlayerShip",
		type = COMPOUND,
		template_name = "PlayerShip",
		lt_grp = 3, srt_grp = 0, usr_flg = 0,
		flags = LIT_DYNAMIC,
		spatialprops =
		{
			pos = { 218.688, 126.3595, 79.64597 },
			orient = { {  0.975765,  0.000000, -0.218819 },
					   {  0.000000,  1.000000,  0.000000 },
					   {  0.218819,  0.000000,  0.975765 } }
		},
		userprops =
		{
			category = "Spaceship",
			running_lights = "True",
		}
	},

	{
		entity_name = "Cam_ShipFollow_02",
		type = CAMERA,
		template_name = "",
		lt_grp = 0, srt_grp = 0, usr_flg = 0,
		spatialprops =
		{
			pos = { 118.6594, 127.4936, -103.686 },
			orient = { {  0.760945,  0.159550,  0.628893 },
					   { -0.359752,  0.910401,  0.204324 },
					   { -0.539945, -0.381725,  0.750164 } }
		},
		cameraprops =
		{
			fovh = 25,
			hvaspect = 1.85,
			nearplane = 0.4,
			farplane = 4000
		}
	},

	{
		entity_name = "Cam_ShipFollow_03",
		type = CAMERA,
		template_name = "",
		lt_grp = 0, srt_grp = 0, usr_flg = 0,
		spatialprops =
		{
			pos = { 104.9739, 133.0119, -151.2633 },
			orient = { {  0.843666,  0.476918, -0.246529 },
					   { -0.428888,  0.874928,  0.224847 },
					   {  0.322929, -0.083963,  0.942692 } }
		},
		cameraprops =
		{
			fovh = 25,
			hvaspect = 1.85,
			nearplane = 0.4,
			farplane = 4000
		}
	},

	{
		entity_name = "Cam_ShipFollow_04",
		type = CAMERA,
		template_name = "",
		lt_grp = 0, srt_grp = 0, usr_flg = 0,
		spatialprops =
		{
			pos = { 94.34798, 129.693, -160.3516 },
			orient = { {  0.482130,  0.599969, -0.638426 },
					   { -0.529079,  0.780219,  0.333667 },
					   {  0.698302,  0.176907,  0.693598 } }
		},
		cameraprops =
		{
			fovh = 25,
			hvaspect = 1.85,
			nearplane = 0.4,
			farplane = 4000
		}
	},

	{
		entity_name = "Cam_ShipFollow_05",
		type = CAMERA,
		template_name = "",
		lt_grp = 0, srt_grp = 0, usr_flg = 0,
		spatialprops =
		{
			pos = { 202.0706, 127.4936, 92.36404 },
			orient = { {  0.811623,  0.000000,  0.584181 },
					   { -0.091528,  0.987650,  0.127163 },
					   { -0.576967, -0.156678,  0.801599 } }
		},
		cameraprops =
		{
			fovh = 25,
			hvaspect = 1.85,
			nearplane = 0.4,
			farplane = 4000
		}
	},

	{
		entity_name = "Path_ShipLand_Trent",
		type = MOTION_PATH,
		template_name = "",
		lt_grp = 0, srt_grp = 0, usr_flg = 0,
		spatialprops =
		{
			pos = { 8.49474, -73.39101, -218.9481 },
			orient = { { 1, 0, 0 }, { 0, 1, 0 }, { 0, 0, 1 } }
		},
		pathprops =
		{
			path_type = "CV_CROrientationSplinePath",
			path_data = "OPEN,{210.193314,205.589661,298.594055}, {0.993923,0.000000,0.110079,0.000000}, {82.451630,216.835541,15.727463}, {0.834768,0.002296,0.548860,0.043703}, {0.000000,166.240921,0.000000}, {0.164171,0.000000,0.986432,0.000000}, {0.000000,103.545074,0.000000}, {0.689357,0.000000,0.724422,0.000000}, {0.000000,43.000000,0.000000}, {0.937277,0.000000,0.348586,0.000000}, {0.000000,43.000000,0.000000}, {0.972205,0.000000,0.234129,0.000000}, {0.000000,2.000000,0.000000}, {-0.101790,0.027587,0.994416,-0.003843}, {0.000000,0.000000,0.000000}, {-0.133006,0.000000,0.991115,0.000000}, "
		}
	},

	{
		entity_name = "Path_ShipFollow",
		type = MOTION_PATH,
		template_name = "",
		lt_grp = 0, srt_grp = 0, usr_flg = 0,
		spatialprops =
		{
			pos = { -58.14347, 0, -37.42448 },
			orient = { { 1, 0, 0 }, { 0, 1, 0 }, { 0, 0, 1 } }
		},
		pathprops =
		{
			path_type = "CV_CROrientationSplinePath",
			path_data = "OPEN,{205.122391,130.881149,61.093239}, {0.948798,0.074790,-0.305952,0.024117}, {118.659409,127.493652,-103.686035}, {0.924866,0.158414,-0.315948,0.140372}, {105.411285,133.011902,-147.684845}, {0.956724,0.080695,0.148804,0.236695}, {99.565399,131.010468,-157.269043}, {0.859643,0.045589,0.388745,0.328348}, "
		}
	},

	{
		entity_name = "Cam_WideOutside_03",
		type = CAMERA,
		template_name = "",
		lt_grp = 0, srt_grp = 0, usr_flg = 0,
		spatialprops =
		{
			pos = { 204.0092, 130.0708, 69.76402 },
			orient = { {  0.980802,  0.000000, -0.195007 },
					   { -0.002383,  0.999925, -0.011988 },
					   {  0.194992,  0.012222,  0.980729 } }
		},
		cameraprops =
		{
			fovh = 30,
			hvaspect = 1.85,
			nearplane = 4,
			farplane = 4000
		}
	},

	{
		entity_name = "Cam_WideOutside_04",
		type = CAMERA,
		template_name = "",
		lt_grp = 0, srt_grp = 0, usr_flg = 0,
		spatialprops =
		{
			pos = { 169.797, 130.3941, 76.71195 },
			orient = { {  0.989023,  0.000000, -0.147761 },
					   { -0.001808,  0.999925, -0.012103 },
					   {  0.147750,  0.012238,  0.988949 } }
		},
		cameraprops =
		{
			fovh = 30,
			hvaspect = 1.85,
			nearplane = 0.4,
			farplane = 4000
		}
	},

	{
		entity_name = "Path_ShipLand_Juni",
		type = MOTION_PATH,
		template_name = "",
		lt_grp = 0, srt_grp = 0, usr_flg = 0,
		spatialprops =
		{
			pos = { 11.91909, -83.2215, -217.495 },
			orient = { { 1, 0, 0 }, { 0, 1, 0 }, { 0, 0, 1 } }
		},
		pathprops =
		{
			path_type = "CV_CROrientationSplinePath",
			path_data = "OPEN,{210.193314,205.589661,298.594055}, {0.993923,0.000000,0.110079,0.000000}, {82.451630,216.835541,15.727463}, {0.886113,0.070918,0.417487,0.188357}, {-2.781403,183.214706,0.936600}, {0.156067,0.118321,0.978031,0.071401}, {0.000000,43.000000,0.000000}, {-0.413280,0.000000,0.910604,0.000000}, {0.000000,43.000000,0.000000}, {-0.413280,0.000000,0.910604,0.000000}, {0.000000,13.000000,0.000000}, {0.027238,-0.002145,0.996542,-0.078468}, {0.000000,2.000000,0.000000}, {-0.101790,0.027587,0.994416,-0.003843}, {0.000000,0.000000,0.000000}, {-0.133006,0.000000,0.991115,0.000000}, "
		}
	},

	{
		entity_name = "ship_l_elite_Juni",
		type = COMPOUND,
		template_name = "rtcprop_juni_elite",
		lt_grp = 3, srt_grp = 0, usr_flg = 0,
		flags = LIT_DYNAMIC,
		spatialprops =
		{
			pos = { -7.981297, -74.43449, -210.1505 },
			orient = { {  0.975765,  0.000000, -0.218820 },
					   {  0.000000,  1.000000,  0.000000 },
					   {  0.218820,  0.000000,  0.975765 } }
		},
		userprops =
		{
			category = "Spaceship",
			loadout = "MSN05_Juni",
			running_lights = "True",
		}
	},

	{
		entity_name = "Path_ShipLandJuni_02",
		type = MOTION_PATH,
		template_name = "",
		lt_grp = 0, srt_grp = 0, usr_flg = 0,
		spatialprops =
		{
			pos = { 0, 1.962528, 0 },
			orient = { { 1, 0, 0 }, { 0, 1, 0 }, { 0, 0, 1 } }
		},
		pathprops =
		{
			path_type = "CV_CROrientationSplinePath",
			path_data = "OPEN,{238.616348,119.783661,155.060425}, {0.993923,0.000000,0.110079,0.000000}, {110.874657,131.029541,-127.806168}, {0.886113,0.070918,0.417487,0.188357}, {21.296301,108.282448,-185.805222}, {0.144725,0.252111,0.952358,0.092248}, "
		}
	},

	{
		entity_name = "Cam_HolePullAway",
		type = CAMERA,
		template_name = "",
		lt_grp = 0, srt_grp = 0, usr_flg = 0,
		spatialprops =
		{
			pos = { 7.996177, 111.8281, -152.5267 },
			orient = { {  0.907354, -0.398566,  0.133615 },
					   {  0.412249,  0.905849, -0.097404 },
					   { -0.082213,  0.143463,  0.986235 } }
		},
		cameraprops =
		{
			fovh = 30,
			hvaspect = 1.85,
			nearplane = 0.4,
			farplane = 4000
		}
	},

	{
		entity_name = "Cam_HolePullAway02",
		type = CAMERA,
		template_name = "",
		lt_grp = 0, srt_grp = 0, usr_flg = 0,
		spatialprops =
		{
			pos = { 7.996177, 111.8281, -152.5267 },
			orient = { {  0.792695,  0.609202, -0.022538 },
					   { -0.604050,  0.779930, -0.163807 },
					   { -0.082213,  0.143463,  0.986235 } }
		},
		cameraprops =
		{
			fovh = 30,
			hvaspect = 1.85,
			nearplane = 0.4,
			farplane = 4000
		}
	},

	{
		entity_name = "Cam_FlyWith_01",
		type = CAMERA,
		template_name = "",
		lt_grp = 0, srt_grp = 0, usr_flg = 0,
		spatialprops =
		{
			pos = { -1221.976, 13.12166, 715.7812 },
			orient = { {  0.153636,  0.000000,  0.988128 },
					   {  0.000000,  1.000000,  0.000000 },
					   { -0.988128,  0.000000,  0.153636 } }
		},
		cameraprops =
		{
			fovh = 30,
			hvaspect = 1.85,
			nearplane = 4,
			farplane = 4000
		}
	},

	{
		entity_name = "Cam_FlyWith_02",
		type = CAMERA,
		template_name = "",
		lt_grp = 0, srt_grp = 0, usr_flg = 0,
		spatialprops =
		{
			pos = { -528.5475, 57.95837, 624.9868 },
			orient = { {  0.132176,  0.000000,  0.991226 },
					   { -0.048573,  0.998799,  0.006477 },
					   { -0.990035, -0.049003,  0.132018 } }
		},
		cameraprops =
		{
			fovh = 30,
			hvaspect = 1.85,
			nearplane = 1,
			farplane = 4000
		}
	},

	{
		entity_name = "aPath_JuniStart",
		type = MOTION_PATH,
		template_name = "",
		lt_grp = 0, srt_grp = 0, usr_flg = 0,
		spatialprops =
		{
			pos = { -16.66175, 8.104543, 6.58606 },
			orient = { { 1, 0, 0 }, { 0, 1, 0 }, { 0, 0, 1 } }
		},
		pathprops =
		{
			path_type = "CV_CROrientationSplinePath",
			path_data = "OPEN,{-1211.365723,13.124920,706.436279}, {0.787896,0.057413,-0.609344,-0.067996}, {-1032.581299,17.610992,671.758911}, {0.742080,0.038703,-0.667810,-0.043007}, {-488.095184,63.698414,590.110474}, {0.640926,0.199275,-0.713168,0.202222}, {-66.965408,91.583427,533.085205}, {0.632035,0.312236,-0.614251,0.354593}, "
		}
	},

	{
		entity_name = "aPath_TrentStart",
		type = MOTION_PATH,
		template_name = "",
		lt_grp = 0, srt_grp = 0, usr_flg = 0,
		spatialprops =
		{
			pos = { -12.8421, 2.015822, 81.93567 },
			orient = { { 1, 0, 0 }, { 0, 1, 0 }, { 0, 0, 1 } }
		},
		pathprops =
		{
			path_type = "CV_CROrientationSplinePath",
			path_data = "OPEN,{-1212.959229,15.614489,648.772705}, {0.741453,-0.072288,-0.657850,0.110703}, {-1015.190125,22.375757,623.458374}, {0.771413,0.046998,-0.634242,-0.021228}, {-481.683563,71.489853,562.487427}, {0.736868,0.110798,-0.639179,0.190263}, {-108.752220,114.570869,525.578247}, {0.656463,0.265626,-0.622541,0.333079}, "
		}
	},

	{
		entity_name = "aPath_JuniMid",
		type = MOTION_PATH,
		template_name = "",
		lt_grp = 0, srt_grp = 0, usr_flg = 0,
		spatialprops =
		{
			pos = { 0, 0, 0 },
			orient = { { 1, 0, 0 }, { 0, 1, 0 }, { 0, 0, 1 } }
		},
		pathprops =
		{
			path_type = "CV_CROrientationSplinePath",
			path_data = "OPEN,{-397.755005,187.039703,-195.475693}, {0.693037,0.146774,0.676052,-0.202758}, {-512.530945,210.573517,-183.395645}, {0.665754,0.057346,0.718705,0.192212}, {-792.186646,137.713608,-164.670746}, {0.715749,-0.057231,0.685434,-0.120861}, {-1190.036499,54.900768,-134.598938}, {0.670357,0.057096,0.739839,-0.000049}, "
		}
	},

	{
		entity_name = "Cam_FlyWith_03",
		type = CAMERA,
		template_name = "",
		lt_grp = 0, srt_grp = 0, usr_flg = 0,
		spatialprops =
		{
			pos = { -519.5331, 182.7184, -192.2805 },
			orient = { {  0.113619,  0.000000,  0.993524 },
					   {  0.051033,  0.998680, -0.005836 },
					   { -0.992213,  0.051366,  0.113469 } }
		},
		cameraprops =
		{
			fovh = 20,
			hvaspect = 1.85,
			nearplane = 4,
			farplane = 4000
		}
	},

	{
		entity_name = "aPath_TrentMid",
		type = MOTION_PATH,
		template_name = "",
		lt_grp = 0, srt_grp = 0, usr_flg = 0,
		spatialprops =
		{
			pos = { -3.968565, 0, -34.93596 },
			orient = { { 1, 0, 0 }, { 0, 1, 0 }, { 0, 0, 1 } }
		},
		pathprops =
		{
			path_type = "CV_CROrientationSplinePath",
			path_data = "OPEN,{-380.605682,175.129730,-192.819000}, {0.642011,0.164515,0.719566,-0.207321}, {-512.530945,221.219345,-183.395645}, {0.678017,0.011435,0.725395,0.118170}, {-792.186646,134.591629,-164.670746}, {0.651031,-0.064216,0.756223,0.012732}, {-1300.624878,41.116615,-150.800552}, {0.658333,0.088029,0.737317,0.123339}, "
		}
	},

	{
		entity_name = "Cam_FlyWith_04",
		type = CAMERA,
		template_name = "",
		lt_grp = 0, srt_grp = 0, usr_flg = 0,
		spatialprops =
		{
			pos = { -1083.267, 23.45575, 348.2156 },
			orient = { {  0.112888,  0.248232,  0.962100 },
					   { -0.068180,  0.967943, -0.241740 },
					   { -0.991266, -0.038306,  0.126193 } }
		},
		cameraprops =
		{
			fovh = 30,
			hvaspect = 1.85,
			nearplane = 4,
			farplane = 4000
		}
	},

	{
		entity_name = "Cam_FlyWith_05",
		type = CAMERA,
		template_name = "",
		lt_grp = 0, srt_grp = 0, usr_flg = 0,
		spatialprops =
		{
			pos = { -528.6967, 176.222, -192.5168 },
			orient = { {  0.188363,  0.000000,  0.982099 },
					   { -0.872871,  0.458332,  0.167414 },
					   { -0.450128, -0.888781,  0.086333 } }
		},
		cameraprops =
		{
			fovh = 30,
			hvaspect = 1.85,
			nearplane = 0.4,
			farplane = 4000
		}
	},

	{
		entity_name = "aMrk_FlyWithCamTrack",
		type = MARKER,
		template_name = "",
		lt_grp = 0, srt_grp = 0, usr_flg = 0,
		spatialprops =
		{
			pos = { -519.4417, 184.8484, -194.2915 },
			orient = { {  0.158755,  0.000000,  0.987318 },
					   {  0.000000,  1.000000,  0.000000 },
					   { -0.987318,  0.000000,  0.158755 } }
		}
	},

	{
		entity_name = "Cam_FlyWith_Attached",
		type = CAMERA,
		template_name = "",
		lt_grp = 0, srt_grp = 0, usr_flg = 0,
		spatialprops =
		{
			pos = { 0, 0, 0 },
			orient = { { 1, 0, 0 }, { 0, 1, 0 }, { 0, 0, 1 } }
		},
		cameraprops =
		{
			fovh = 30,
			hvaspect = 1.85,
			nearplane = 0.4,
			farplane = 4000
		}
	},

	{
		entity_name = "Cam_FlyWith_06",
		type = CAMERA,
		template_name = "",
		lt_grp = 0, srt_grp = 0, usr_flg = 0,
		spatialprops =
		{
			pos = { -510.0123, 163.6621, -110.2057 },
			orient = { {  0.551023,  0.000000, -0.834490 },
					   {  0.153794,  0.982871,  0.101552 },
					   {  0.820196, -0.184297,  0.541584 } }
		},
		cameraprops =
		{
			fovh = 30,
			hvaspect = 1.85,
			nearplane = 0.4,
			farplane = 4000
		}
	},

	{
		entity_name = "Cam_FlyWith_07",
		type = CAMERA,
		template_name = "",
		lt_grp = 0, srt_grp = 0, usr_flg = 0,
		spatialprops =
		{
			pos = { -523.0729, 171.0456, -168.4677 },
			orient = { {  0.062792,  0.000000, -0.998027 },
					   { -0.137318,  0.990489, -0.008640 },
					   {  0.988535,  0.137590,  0.062195 } }
		},
		cameraprops =
		{
			fovh = 20,
			hvaspect = 1.85,
			nearplane = 0.4,
			farplane = 4000
		}
	},

	{
		entity_name = "Cam_Tunnel_01",
		type = CAMERA,
		template_name = "",
		lt_grp = 0, srt_grp = 0, usr_flg = 0,
		spatialprops =
		{
			pos = { 7.413223, 13.27646, -231.5847 },
			orient = { { -0.998584,  0.000000,  0.053191 },
					   { -0.052461,  0.165181, -0.984867 },
					   { -0.008786, -0.986263, -0.164948 } }
		},
		cameraprops =
		{
			fovh = 30,
			hvaspect = 1.85,
			nearplane = 0.4,
			farplane = 4000
		}
	},

	{
		entity_name = "Cam_Tunnel_02",
		type = CAMERA,
		template_name = "",
		lt_grp = 0, srt_grp = 0, usr_flg = 0,
		spatialprops =
		{
			pos = { 7.413223, 13.27646, -231.5847 },
			orient = { { -0.967228,  0.000000, -0.253909 },
					   { -0.007731,  0.999536,  0.029450 },
					   {  0.253792,  0.030448, -0.966780 } }
		},
		cameraprops =
		{
			fovh = 30,
			hvaspect = 1.85,
			nearplane = 0.4,
			farplane = 4000
		}
	},

	{
		entity_name = "Cam_Tunnel_03",
		type = CAMERA,
		template_name = "",
		lt_grp = 0, srt_grp = 0, usr_flg = 0,
		spatialprops =
		{
			pos = { 7.413223, 13.27646, -231.5847 },
			orient = { { -0.967229,  0.000000, -0.253905 },
					   { -0.215310,  0.530002,  0.820207 },
					   {  0.134570,  0.847996, -0.512634 } }
		},
		cameraprops =
		{
			fovh = 30,
			hvaspect = 1.85,
			nearplane = 0.4,
			farplane = 4000
		}
	},

	{
		entity_name = "aMrk_TunnelCamFollow",
		type = MARKER,
		template_name = "",
		lt_grp = 0, srt_grp = 0, usr_flg = 0,
		spatialprops =
		{
			pos = { 7.413223, 13.27646, -231.5847 },
			orient = { { -0.998584,  0.000000,  0.053191 },
					   { -0.052461,  0.165182, -0.984867 },
					   { -0.008786, -0.986263, -0.164948 } }
		}
	},

	{
		entity_name = "Mrk_JuniShipDescend_01",
		type = MARKER,
		template_name = "",
		lt_grp = 0, srt_grp = 0, usr_flg = 0,
		spatialprops =
		{
			pos = { 8.035921, 99.20245, -216.1684 },
			orient = { { -0.965558,  0.000000, -0.260188 },
					   {  0.000000,  1.000000,  0.000000 },
					   {  0.260188,  0.000000, -0.965558 } }
		}
	},

	{
		entity_name = "Mrk_JuniShipDescend_02",
		type = MARKER,
		template_name = "",
		lt_grp = 0, srt_grp = 0, usr_flg = 0,
		spatialprops =
		{
			pos = { 8.035921, 20.68757, -216.1684 },
			orient = { {  0.929965,  0.000000,  0.367647 },
					   {  0.000000,  1.000000,  0.000000 },
					   { -0.367647,  0.000000,  0.929965 } }
		}
	},

	{
		entity_name = "Mrk_JuniShipDescend_03",
		type = MARKER,
		template_name = "",
		lt_grp = 0, srt_grp = 0, usr_flg = 0,
		spatialprops =
		{
			pos = { 8.035921, -74.43449, -216.1684 },
			orient = { { -0.732229,  0.000000, -0.681059 },
					   {  0.000000,  1.000000,  0.000000 },
					   {  0.681059,  0.000000, -0.732229 } }
		}
	},

	{
		entity_name = "Mrk_TrentShipDescend_01",
		type = MARKER,
		template_name = "",
		lt_grp = 0, srt_grp = 0, usr_flg = 0,
		spatialprops =
		{
			pos = { 8.028549, 86.27175, -219.037 },
			orient = { { -0.946564, -0.000121, -0.322516 },
					   {  0.000063,  1.000000, -0.000559 },
					   {  0.322516, -0.000549, -0.946564 } }
		}
	},

	{
		entity_name = "Mrk_TrentShipDescend_02",
		type = MARKER,
		template_name = "",
		lt_grp = 0, srt_grp = 0, usr_flg = 0,
		spatialprops =
		{
			pos = { 8.035921, 20.68757, -216.1684 },
			orient = { {  0.953595,  0.000000, -0.301093 },
					   {  0.000000,  1.000000,  0.000000 },
					   {  0.301093,  0.000000,  0.953595 } }
		}
	},

	{
		entity_name = "Mrk_TrentShipDescend_03",
		type = MARKER,
		template_name = "",
		lt_grp = 0, srt_grp = 0, usr_flg = 0,
		spatialprops =
		{
			pos = { 8.035921, -30.68757, -216.1684 },
			orient = { { -0.831176,  0.000000,  0.556009 },
					   {  0.000000,  1.000000,  0.000000 },
					   { -0.556009,  0.000000, -0.831176 } }
		}
	},

	{
		entity_name = "Cam_JuniAfterBurner_01",
		type = CAMERA,
		template_name = "",
		lt_grp = 0, srt_grp = 0, usr_flg = 0,
		spatialprops =
		{
			pos = { -22.6144, -74.07543, -214.5758 },
			orient = { { -0.500061,  0.000000,  0.865990 },
					   {  0.000000,  1.000000,  0.000000 },
					   { -0.865990,  0.000000, -0.500061 } }
		},
		cameraprops =
		{
			fovh = 30,
			hvaspect = 1.85,
			nearplane = 0.4,
			farplane = 4000
		}
	},

	{
		entity_name = "Mrk_JuniShipDescend_04",
		type = MARKER,
		template_name = "",
		lt_grp = 0, srt_grp = 0, usr_flg = 0,
		spatialprops =
		{
			pos = { -11.53971, -74.43449, -208.9938 },
			orient = { { -0.412415,  0.000000,  0.910996 },
					   {  0.000000,  1.000000,  0.000000 },
					   { -0.910996,  0.000000, -0.412415 } }
		}
	},

	{
		entity_name = "Cam_JuniAfterBurner_02",
		type = CAMERA,
		template_name = "",
		lt_grp = 0, srt_grp = 0, usr_flg = 0,
		spatialprops =
		{
			pos = { -22.6144, -74.07543, -214.5758 },
			orient = { { -0.043625,  0.000000,  0.999048 },
					   {  0.000000,  1.000000,  0.000000 },
					   { -0.999048,  0.000000, -0.043625 } }
		},
		cameraprops =
		{
			fovh = 30,
			hvaspect = 1.85,
			nearplane = 0.4,
			farplane = 4000
		}
	},

	{
		entity_name = "Mrk_TrentShipDescend_04",
		type = MARKER,
		template_name = "",
		lt_grp = 0, srt_grp = 0, usr_flg = 0,
		spatialprops =
		{
			pos = { 10.29786, -78.04149, -218.8285 },
			orient = { {  0.337484,  0.000000, -0.941331 },
					   {  0.000000,  1.000000,  0.000000 },
					   {  0.941331,  0.000000,  0.337484 } }
		}
	},

	{
		entity_name = "Mrk_TrentShipDescend_05",
		type = MARKER,
		template_name = "",
		lt_grp = 0, srt_grp = 0, usr_flg = 0,
		spatialprops =
		{
			pos = { 10.29786, -79.23044, -218.8285 },
			orient = { {  0.337484,  0.000000, -0.941331 },
					   {  0.000000,  1.000000,  0.000000 },
					   {  0.941331,  0.000000,  0.337484 } }
		}
	},

	{
		entity_name = "Mrk_TrentShipDescend_06",
		type = MARKER,
		template_name = "",
		lt_grp = 0, srt_grp = 0, usr_flg = 0,
		spatialprops =
		{
			pos = { 9.32585, -55.26097, -217.6854 },
			orient = { { -0.326257,  0.000000, -0.945281 },
					   {  0.000000,  1.000000,  0.000000 },
					   {  0.945281,  0.000000, -0.326257 } }
		}
	},

	{
		entity_name = "Mrk_TrentShipDescend_Follow",
		type = MARKER,
		template_name = "",
		lt_grp = 0, srt_grp = 0, usr_flg = 0,
		spatialprops =
		{
			pos = { 10.29786, -79.24852, -218.8285 },
			orient = { {  0.337484,  0.000000, -0.941331 },
					   {  0.000000,  1.000000,  0.000000 },
					   {  0.941331,  0.000000,  0.337484 } }
		}
	},

	{
		entity_name = "Cam_BirdsEye_32sec_01",
		type = CAMERA,
		template_name = "",
		lt_grp = 0, srt_grp = 0, usr_flg = 0,
		spatialprops =
		{
			pos = { -11.4206, -52.51309, -214.8465 },
			orient = { { -0.483722, -0.153950,  0.861576 },
					   {  0.798896,  0.324391,  0.506494 },
					   { -0.357462,  0.933311, -0.033925 } }
		},
		cameraprops =
		{
			fovh = 30,
			hvaspect = 1.85,
			nearplane = 0.4,
			farplane = 4000
		}
	},

	{
		entity_name = "Mrk_JuniWlkAlign_32sec",
		type = MARKER,
		template_name = "",
		lt_grp = 0, srt_grp = 0, usr_flg = 0,
		spatialprops =
		{
			pos = { -5.802539, -77.97002, -213.5387 },
			orient = { {  0.714132,  0.000000,  0.700011 },
					   {  0.000000,  1.000000,  0.000000 },
					   { -0.700011,  0.000000,  0.714132 } }
		}
	},

	{
		entity_name = "Mrk_TrentWlkAlign_32sec",
		type = MARKER,
		template_name = "",
		lt_grp = 0, srt_grp = 0, usr_flg = 0,
		spatialprops =
		{
			pos = { 1.508969, -77.97002, -220.1878 },
			orient = { { -0.613238,  0.000000, -0.789898 },
					   {  0.000000,  1.000000,  0.000000 },
					   {  0.789898,  0.000000, -0.613238 } }
		}
	},

	{
		entity_name = "Mrk_OffScreen",
		type = MARKER,
		template_name = "",
		lt_grp = 0, srt_grp = 0, usr_flg = 0,
		spatialprops =
		{
			pos = { 25000, 0, 0 },
			orient = { { 1, 0, 0 }, { 0, 1, 0 }, { 0, 0, 1 } }
		}
	},

	{
		entity_name = "Cam_Med2Shot_38sec_01",
		type = CAMERA,
		template_name = "",
		lt_grp = 0, srt_grp = 0, usr_flg = 0,
		spatialprops =
		{
			pos = { -6.098375, -78.95122, -218.4637 },
			orient = { { -0.396796,  0.000000,  0.917907 },
					   { -0.182724,  0.979986, -0.078988 },
					   { -0.899536, -0.199066, -0.388854 } }
		},
		cameraprops =
		{
			fovh = 20,
			hvaspect = 1.85,
			nearplane = 0.4,
			farplane = 4000
		}
	},

	{
		entity_name = "Cam_Med2Shot_38sec_03",
		type = CAMERA,
		template_name = "",
		lt_grp = 0, srt_grp = 0, usr_flg = 0,
		spatialprops =
		{
			pos = { -4.880602, -77.79918, -217.5017 },
			orient = { { -0.915974,  0.000000, -0.401237 },
					   { -0.034325,  0.996334,  0.078360 },
					   {  0.399766,  0.085549, -0.912616 } }
		},
		cameraprops =
		{
			fovh = 30,
			hvaspect = 1.85,
			nearplane = 0.4,
			farplane = 4000
		}
	},

	{
		entity_name = "Mrk_TrentWlkAlign_43sec",
		type = MARKER,
		template_name = "",
		lt_grp = 0, srt_grp = 0, usr_flg = 0,
		spatialprops =
		{
			pos = { -52.00941, -76.07861, -219.0921 },
			orient = { {  0.019864,  0.000000, -0.999803 },
					   {  0.000000,  1.000000,  0.000000 },
					   {  0.999803,  0.000000,  0.019864 } }
		}
	},

	{
		entity_name = "Mrk_JuniWlkAlign_43sec",
		type = MARKER,
		template_name = "",
		lt_grp = 0, srt_grp = 0, usr_flg = 0,
		spatialprops =
		{
			pos = { -51.60052, -77.70029, -218.1413 },
			orient = { { -0.020678,  0.000000, -0.999786 },
					   {  0.000000,  1.000000,  0.000000 },
					   {  0.999786,  0.000000, -0.020678 } }
		}
	},

	{
		entity_name = "Cam_BirdsEye_32sec_02",
		type = CAMERA,
		template_name = "",
		lt_grp = 0, srt_grp = 0, usr_flg = 0,
		spatialprops =
		{
			pos = { -10.31478, -58.90045, -215.1733 },
			orient = { { -0.214316, -0.046620,  0.975651 },
					   {  0.909005,  0.356029,  0.216688 },
					   { -0.357462,  0.933311, -0.033925 } }
		},
		cameraprops =
		{
			fovh = 30,
			hvaspect = 1.85,
			nearplane = 0.4,
			farplane = 4000
		}
	},

	{
		entity_name = "Cam_Med2Shot_43sec_02",
		type = CAMERA,
		template_name = "",
		lt_grp = 0, srt_grp = 0, usr_flg = 0,
		spatialprops =
		{
			pos = { -53.81948, -77.64053, -220.9111 },
			orient = { { -0.999996,  0.000000,  0.002990 },
					   {  0.000202,  0.997713,  0.067588 },
					   { -0.002983,  0.067589, -0.997709 } }
		},
		cameraprops =
		{
			fovh = 20,
			hvaspect = 1.85,
			nearplane = 0.4,
			farplane = 4000
		}
	},

	{
		entity_name = "Cam_Med2Shot_38sec_02",
		type = CAMERA,
		template_name = "",
		lt_grp = 0, srt_grp = 0, usr_flg = 0,
		spatialprops =
		{
			pos = { -7.314817, -77.32495, -218.2503 },
			orient = { { -0.448550,  0.000000,  0.893758 },
					   {  0.157358,  0.984379,  0.078973 },
					   { -0.879796,  0.176063, -0.441543 } }
		},
		cameraprops =
		{
			fovh = 30,
			hvaspect = 1.85,
			nearplane = 0.4,
			farplane = 4000
		}
	},

	{
		entity_name = "Path_Raking2Shot_38sec",
		type = MOTION_PATH,
		template_name = "",
		lt_grp = 0, srt_grp = 0, usr_flg = 0,
		spatialprops =
		{
			pos = { 0, 0, 0 },
			orient = { { 1, 0, 0 }, { 0, 1, 0 }, { 0, 0, 1 } }
		},
		pathprops =
		{
			path_type = "CV_CROrientationSplinePath",
			path_data = "OPEN,{-7.547580,-77.808495,-215.512726}, {0.516639,-0.016914,-0.855578,-0.028010}, {-6.555590,-77.799179,-217.422409}, {-0.245829,0.010535,0.968367,0.041497}, {-4.880602,-77.799179,-217.501740}, {0.204782,-0.008775,0.977871,0.041905}, "
		}
	},

	{
		entity_name = "Cam_Med2Shot_43sec_01",
		type = CAMERA,
		template_name = "",
		lt_grp = 0, srt_grp = 0, usr_flg = 0,
		spatialprops =
		{
			pos = { -50.84055, -77.64053, -218.5388 },
			orient = { { -0.025362,  0.000000, -0.999678 },
					   { -0.067567,  0.997713,  0.001714 },
					   {  0.997392,  0.067589, -0.025304 } }
		},
		cameraprops =
		{
			fovh = 20,
			hvaspect = 1.85,
			nearplane = 0.4,
			farplane = 4000
		}
	},

	{
		entity_name = "vfx_PlayerShipEngines",
		type = PSYS,
		template_name = "PlayerShipEngines",
		lt_grp = 0, srt_grp = 0, usr_flg = 0,
		flags = LIT_DYNAMIC + LIT_AMBIENT,
		spatialprops =
		{
			pos = { 0, 0, 0 },
			orient = { { 1, 0, 0 }, { 0, 1, 0 }, { 0, 0, 1 } }
		},
		psysprops =
		{
			sparam = 0
		}
	},

	{
		entity_name = "Mrk_aShipReFrame",
		type = MARKER,
		template_name = "",
		lt_grp = 0, srt_grp = 0, usr_flg = 0,
		spatialprops =
		{
			pos = { 0, 0, 0 },
			orient = { { 1, 0, 0 }, { 0, 1, 0 }, { 0, 0, 1 } }
		}
	},

	{
		entity_name = "cam_Monitor_static_cam",
		type = MONITOR,
		template_name = "",
		lt_grp = 0, srt_grp = 0, usr_flg = 0,
		userprops =
		{
			Priority = "Monitor_Static_1",
		}
	},

	{
		entity_name = "cam_static_01_wide_opening",
		type = CAMERA,
		template_name = "",
		lt_grp = 0, srt_grp = 0, usr_flg = 0,
		spatialprops =
		{
			pos = { 181.7807, 129.2334, 50.05484 },
			orient = { {  0.951066,  0.000000, -0.308987 },
					   { -0.005130,  0.999862, -0.015789 },
					   {  0.308945,  0.016602,  0.950935 } }
		},
		cameraprops =
		{
			fovh = 30,
			hvaspect = 1.85,
			nearplane = 0.4,
			farplane = 4000
		}
	},

	{
		entity_name = "Cam_static_02_ShipFollow_01",
		type = CAMERA,
		template_name = "",
		lt_grp = 0, srt_grp = 0, usr_flg = 0,
		spatialprops =
		{
			pos = { 105.9624, 135.1819, -118.3223 },
			orient = { {  0.988165,  0.000000,  0.153395 },
					   {  0.010247,  0.997766, -0.066012 },
					   { -0.153053,  0.066803,  0.985958 } }
		},
		cameraprops =
		{
			fovh = 35,
			hvaspect = 1.85,
			nearplane = 0.4,
			farplane = 4000
		}
	},

	{
		entity_name = "Cam_static_02_ShipFollow_01_b",
		type = CAMERA,
		template_name = "",
		lt_grp = 0, srt_grp = 0, usr_flg = 0,
		spatialprops =
		{
			pos = { 41.44452, 131.0204, -194.6613 },
			orient = { {  0.492967,  0.000000, -0.870048 },
					   { -0.507396,  0.812342, -0.287489 },
					   {  0.706776,  0.583182,  0.400457 } }
		},
		cameraprops =
		{
			fovh = 30,
			hvaspect = 1.85,
			nearplane = 0.4,
			farplane = 4000
		}
	},

	{
		entity_name = "Cam_static_03_EstDoorsOpen_02",
		type = CAMERA,
		template_name = "",
		lt_grp = 0, srt_grp = 0, usr_flg = 0,
		spatialprops =
		{
			pos = { 1.813186, 23.65846, -206.6444 },
			orient = { {  0.857706,  0.000000,  0.514140 },
					   { -0.509709,  0.131007,  0.850314 },
					   { -0.067356, -0.991381,  0.112366 } }
		},
		cameraprops =
		{
			fovh = 35,
			hvaspect = 1.85,
			nearplane = 0.4,
			farplane = 4000
		}
	},

	{
		entity_name = "Cam_static_03_EstDoorsOpen_02_b",
		type = CAMERA,
		template_name = "",
		lt_grp = 0, srt_grp = 0, usr_flg = 0,
		spatialprops =
		{
			pos = { 1.813186, 23.65846, -206.6444 },
			orient = { {  0.857706,  0.000000,  0.514140 },
					   {  0.485111,  0.331264, -0.809279 },
					   { -0.170316,  0.943538,  0.284127 } }
		},
		cameraprops =
		{
			fovh = 35,
			hvaspect = 1.85,
			nearplane = 0.4,
			farplane = 4000
		}
	},

	{
		entity_name = "Cam_static_04_JuniAfterBurner_02",
		type = CAMERA,
		template_name = "",
		lt_grp = 0, srt_grp = 0, usr_flg = 0,
		spatialprops =
		{
			pos = { -22.6144, -74.07543, -214.5758 },
			orient = { { -0.043625,  0.000000,  0.999048 },
					   {  0.000000,  1.000000,  0.000000 },
					   { -0.999048,  0.000000, -0.043625 } }
		},
		cameraprops =
		{
			fovh = 30,
			hvaspect = 1.85,
			nearplane = 0.4,
			farplane = 4000
		}
	},

	{
		entity_name = "Cam_static_05_BirdsEye_32sec_01",
		type = CAMERA,
		template_name = "",
		lt_grp = 0, srt_grp = 0, usr_flg = 0,
		spatialprops =
		{
			pos = { -11.4206, -52.51309, -214.8465 },
			orient = { { -0.483722, -0.153950,  0.861576 },
					   {  0.798896,  0.324391,  0.506494 },
					   { -0.357462,  0.933311, -0.033925 } }
		},
		cameraprops =
		{
			fovh = 30,
			hvaspect = 1.85,
			nearplane = 0.4,
			farplane = 4000
		}
	},

	{
		entity_name = "Cam_static_06_Med2Shot_38sec",
		type = CAMERA,
		template_name = "",
		lt_grp = 0, srt_grp = 0, usr_flg = 0,
		spatialprops =
		{
			pos = { -5.522152, -77.73711, -218.4271 },
			orient = { { -0.526365,  0.000000,  0.850259 },
					   {  0.062716,  0.997276,  0.038825 },
					   { -0.847943,  0.073761, -0.524931 } }
		},
		cameraprops =
		{
			fovh = 20,
			hvaspect = 1.85,
			nearplane = 0.4,
			farplane = 4000
		}
	},

	{
		entity_name = "SET_pl_bw_spruage_planetscape",
		type = COMPOUND,
		template_name = "pl_bw_spruage_planetscape",
		lt_grp = 9, srt_grp = 0, usr_flg = 0,
		flags = LIT_DYNAMIC,
		spatialprops =
		{
			pos = { 0, 0, 0 },
			orient = { { 1, 0, 0 }, { 0, 1, 0 }, { 0, 0, 1 } }
		},
		userprops =
		{
			category = "Room",
		}
	},

	{
		entity_name = "Path_ShipLand_Trent_MK",
		type = MARKER,
		template_name = "",
		lt_grp = 0, srt_grp = 0, usr_flg = 0,
		spatialprops =
		{
			pos = { 8.747973, -67.3242, -220.7268 },
			orient = { {  0.999734,  0.022103, -0.006633 },
					   { -0.022215,  0.999602, -0.017373 },
					   {  0.006246,  0.017516,  0.999827 } }
		}
	},

	{
		entity_name = "vfx_gf_li_smallengine02_fire",
		type = PSYS,
		template_name = "gf_li_smallengine02_fire",
		lt_grp = 0, srt_grp = 0, usr_flg = 0,
		flags = LIT_DYNAMIC + LIT_AMBIENT,
		spatialprops =
		{
			pos = { 0, 0, 0 },
			orient = { { 1, 0, 0 }, { 0, 1, 0 }, { 0, 0, 1 } }
		},
		psysprops =
		{
			sparam = 0
		}
	},

	{
		entity_name = "vfx_gf_li_smallengine02_fire_2",
		type = PSYS,
		template_name = "gf_li_smallengine02_fire",
		lt_grp = 0, srt_grp = 0, usr_flg = 0,
		flags = LIT_DYNAMIC + LIT_AMBIENT,
		spatialprops =
		{
			pos = { 0, 0, 0 },
			orient = { { 1, 0, 0 }, { 0, 1, 0 }, { 0, 0, 1 } }
		},
		psysprops =
		{
			sparam = 0
		}
	},

	{
		entity_name = "aPath_JuniEnd",
		type = MOTION_PATH,
		template_name = "",
		lt_grp = 0, srt_grp = 0, usr_flg = 0,
		spatialprops =
		{
			pos = { 217.3749, 31.89896, -374.3843 },
			orient = { { 1, 0, 0 }, { 0, 1, 0 }, { 0, 0, 1 } }
		},
		pathprops =
		{
			path_type = "CV_CROrientationSplinePath",
			path_data = "OPEN,{-1210.334229,6.396236,694.536316}, {0.778898,-0.075667,-0.621639,0.034017}, {-1032.581299,17.610992,671.758911}, {0.742080,0.038703,-0.667810,-0.043007}, {-488.095215,13.337002,590.110474}, {0.727489,0.217427,-0.607179,-0.234134}, {-162.577026,37.554977,507.872498}, {0.756353,-0.114159,-0.638551,0.084558}, "
		}
	},

	{
		entity_name = "aPath_TrentEnd",
		type = MOTION_PATH,
		template_name = "",
		lt_grp = 0, srt_grp = 0, usr_flg = 0,
		spatialprops =
		{
			pos = { 186.4136, 20.99116, -284.6035 },
			orient = { { 1, 0, 0 }, { 0, 1, 0 }, { 0, 0, 1 } }
		},
		pathprops =
		{
			path_type = "CV_CROrientationSplinePath",
			path_data = "OPEN,{-1212.959229,15.614489,648.772705}, {0.741453,-0.072288,-0.657850,0.110703}, {-1015.190125,22.375757,623.458374}, {0.771413,0.046998,-0.634242,-0.021228}, {-481.683563,30.724251,562.487427}, {0.730007,-0.106722,-0.658280,0.149561}, {-139.386780,43.463448,483.591064}, {0.725304,-0.101632,-0.674913,0.089985}, "
		}
	},

	{
		entity_name = "mix_s027a_9",
		type = SOUND,
		template_name = "mix_s027a",
		lt_grp = 0, srt_grp = 0, usr_flg = 0,
		spatialprops =
		{
			pos = { 0, 0, 0 },
			orient = { { 1, 0, 0 }, { 0, 1, 0 }, { 0, 0, 1 } }
		},
		audioprops =
		{
			attenuation = 0,
			pan = 0,
			dmin = 50,
			dmax = 300,
			ain = 360,
			aout = 360,
			atout = 0,
			rmix = 0,
		},
		userprops =
		{
			category = "Audio",
		}
	},

	{
		entity_name = "ambi_LtG03_Planet_Ships_Sky",
		type = LIGHT,
		template_name = "",
		lt_grp = 3, srt_grp = 0, usr_flg = 0,
		flags = REFERENCE,
		spatialprops =
		{
			pos = { -0.449126, 0, 2.769952 },
			orient = { { -0.828512,  0.000000, -0.559972 },
					   {  0.325789,  0.813336, -0.482023 },
					   {  0.455445, -0.581795, -0.673858 } }
		},
		lightprops =
		{
			on = Y,
			color = { 255, 255, 255 },
			diffuse = { 1, 1, 1 },
			specular = { 0, 0, 0 },
			ambient = { 0, 0, 0 },
			direction = { 0, 0, 1 },
			range = 1000,
			cutoff = 180,
			type = L_SPOT,
			theta = 144,
			atten = { 0, 0, 0.0001 }
		}
	},

	{
		entity_name = "SET_pl_bw_spruage_planetscape_wider",
		type = COMPOUND,
		template_name = "pl_bw_spruage_planetscape",
		lt_grp = 9, srt_grp = 0, usr_flg = 0,
		flags = LIT_DYNAMIC,
		spatialprops =
		{
			pos = { -2395.186, -37.61612, -538.4059 },
			orient = { { -0.645624,  0.000000, -0.763656 },
					   {  0.000000,  1.000000,  0.000000 },
					   {  0.763656,  0.000000, -0.645624 } }
		},
		userprops =
		{
			category = "Room",
		}
	},

	{
		entity_name = "ambi_skydome_spcl",
		type = COMPOUND,
		template_name = "skydome_sky_wavy_yellow",
		lt_grp = 23, srt_grp = -90, usr_flg = 2,
		flags = HIDDEN + LIT_DYNAMIC,
		spatialprops =
		{
			pos = { -100000, -100000, 0 },
			orient = { {  1.000000,  0.000000,  0.000000 },
					   {  0.000000,  0.942859,  0.333191 },
					   {  0.000000, -0.333191,  0.942859 } }
		},
		userprops =
		{
			category = "Prop",
			NoFog = "y",
		}
	},

	{
		entity_name = "ambi_skydome_spcl_MKRp03",
		type = MARKER,
		template_name = "",
		lt_grp = 0, srt_grp = 0, usr_flg = 0,
		spatialprops =
		{
			pos = { 0, -7000, 0 },
			orient = { { -0.079199,  0.000898,  0.996858 },
					   {  0.910374,  0.407481,  0.071961 },
					   { -0.406136,  0.913213, -0.033090 } }
		}
	},

	{
		entity_name = "ambi_LtG09_Planet_Sky",
		type = LIGHT,
		template_name = "",
		lt_grp = 9, srt_grp = 0, usr_flg = 0,
		flags = REFERENCE,
		spatialprops =
		{
			pos = { -0.449126, 0, 2.769952 },
			orient = { { -0.828512,  0.000000, -0.559972 },
					   {  0.325789,  0.813336, -0.482023 },
					   {  0.455445, -0.581795, -0.673858 } }
		},
		lightprops =
		{
			on = Y,
			color = { 255, 255, 255 },
			diffuse = { 1, 1, 1 },
			specular = { 0, 0, 0 },
			ambient = { 0, 0, 0 },
			direction = { 0, 0, 1 },
			range = 1000,
			cutoff = 180,
			type = L_SPOT,
			theta = 144,
			atten = { 0, 0, 0.0001 }
		}
	},

	{
		entity_name = "ambi_LtG03_Bay02",
		type = LIGHT,
		template_name = "",
		lt_grp = 3, srt_grp = 0, usr_flg = 0,
		flags = REFERENCE,
		spatialprops =
		{
			pos = { 289.9243, 7.85679, -150.1754 },
			orient = { { -0.379501,  0.000000,  0.925191 },
					   { -0.315643,  0.940004, -0.129472 },
					   { -0.869683, -0.341165, -0.356732 } }
		},
		lightprops =
		{
			on = Y,
			color = { 255, 255, 255 },
			diffuse = { 1, 1, 1 },
			specular = { 0, 0, 0 },
			ambient = { 0, 0, 0 },
			direction = { 0, 0, 1 },
			range = 1000,
			cutoff = 180,
			type = L_SPOT,
			theta = 144,
			atten = { 0, 0, 0.0001 }
		}
	},

	{
		entity_name = "ambi_LtG09_Bay_Spot",
		type = LIGHT,
		template_name = "",
		lt_grp = 9, srt_grp = 0, usr_flg = 0,
		flags = REFERENCE,
		spatialprops =
		{
