duration = 47.736;

entities =
{

	{
		entity_name = "Layer_s032a_offer_dexter_br_05_bar",
		type = SCENE,
		template_name = "",
		lt_grp = 0, srt_grp = 0, usr_flg = 0,
		spatialprops =
		{
			pos = { 0, 0, 0 },
			orient = { { 1, 0, 0 }, { 0, 1, 0 }, { 0, 0, 1 } }
		},
		up = Y_AXIS,
		front = Z_AXIS,
		ambient = { 0, 0, 0 }
	},

	{
		entity_name = "Char_Dexter",
		type = DEFORMABLE,
		template_name = "dexter",
		lt_grp = 0, srt_grp = 0, usr_flg = 0,
		flags = LIT_DYNAMIC,
		spatialprops =
		{
			pos = { -1.047891, 0, 0.578121 },
			orient = { {  0.548349,  0.000000,  0.836250 },
					   {  0.000000,  1.000000,  0.000000 },
					   { -0.836250,  0.000000,  0.548349 } }
		},
		compoundprops =
		{
			floor_height = 0
		},
		userprops =
		{
			actor = "dexter",
			category = "Character",
		}
	},

	{
		entity_name = "Char_Trent",
		type = DEFORMABLE,
		template_name = "trent",
		lt_grp = 0, srt_grp = 0, usr_flg = 0,
		flags = LIT_DYNAMIC,
		spatialprops =
		{
			pos = { -4.894855, 0, 1.082129 },
			orient = { {  0.033426,  0.000000,  0.999441 },
					   {  0.000000,  1.000000,  0.000000 },
					   { -0.999441,  0.000000,  0.033426 } }
		},
		compoundprops =
		{
			floor_height = 0
		},
		userprops =
		{
			actor = "player",
			category = "Character",
		}
	},

	{
		entity_name = "Z_dx_s032a_0101_Trent_20",
		type = SOUND,
		template_name = "dx_s032a_0101_Trent",
		lt_grp = 0, srt_grp = 0, usr_flg = 0,
		spatialprops =
		{
			pos = { 0, 0, 0 },
			orient = { { 1, 0, 0 }, { 0, 1, 0 }, { 0, 0, 1 } }
		},
		audioprops =
		{
			attenuation = -1,
			pan = 0,
			dmin = 50,
			dmax = 1000,
			ain = 360,
			aout = 360,
			atout = 0,
			rmix = 0,
		},
		userprops =
		{
			category = "Audio",
		}
	},

	{
		entity_name = "Z_dx_s032a_0201_Trent_21",
		type = SOUND,
		template_name = "dx_s032a_0201_Trent",
		lt_grp = 0, srt_grp = 0, usr_flg = 0,
		spatialprops =
		{
			pos = { 0, 0, 0 },
			orient = { { 1, 0, 0 }, { 0, 1, 0 }, { 0, 0, 1 } }
		},
		audioprops =
		{
			attenuation = -1,
			pan = 0,
			dmin = 50,
			dmax = 1000,
			ain = 360,
			aout = 360,
			atout = 0,
			rmix = 0,
		},
		userprops =
		{
			category = "Audio",
		}
	},

	{
		entity_name = "Z_dx_s032a_0301_dexter_22",
		type = SOUND,
		template_name = "dx_s032a_0301_dexter",
		lt_grp = 0, srt_grp = 0, usr_flg = 0,
		spatialprops =
		{
			pos = { 0, 0, 0 },
			orient = { { 1, 0, 0 }, { 0, 1, 0 }, { 0, 0, 1 } }
		},
		audioprops =
		{
			attenuation = -1,
			pan = 0,
			dmin = 50,
			dmax = 1000,
			ain = 360,
			aout = 360,
			atout = 0,
			rmix = 0,
		},
		userprops =
		{
			category = "Audio",
		}
	},

	{
		entity_name = "Z_dx_s032a_0401_Trent_23",
		type = SOUND,
		template_name = "dx_s032a_0401_Trent",
		lt_grp = 0, srt_grp = 0, usr_flg = 0,
		spatialprops =
		{
			pos = { 0, 0, 0 },
			orient = { { 1, 0, 0 }, { 0, 1, 0 }, { 0, 0, 1 } }
		},
		audioprops =
		{
			attenuation = -1,
			pan = 0,
			dmin = 50,
			dmax = 1000,
			ain = 360,
			aout = 360,
			atout = 0,
			rmix = 0,
		},
		userprops =
		{
			category = "Audio",
		}
	},

	{
		entity_name = "Z_dx_s032a_0701_dexter_27",
		type = SOUND,
		template_name = "dx_s032a_0701_dexter",
		lt_grp = 0, srt_grp = 0, usr_flg = 0,
		spatialprops =
		{
			pos = { 0, 0, 0 },
			orient = { { 1, 0, 0 }, { 0, 1, 0 }, { 0, 0, 1 } }
		},
		audioprops =
		{
			attenuation = -1,
			pan = 0,
			dmin = 50,
			dmax = 1000,
			ain = 360,
			aout = 360,
			atout = 0,
			rmix = 0,
		},
		userprops =
		{
			category = "Audio",
		}
	},

	{
		entity_name = "Z_dx_s032a_0702_dexter_28",
		type = SOUND,
		template_name = "dx_s032a_0702_dexter",
		lt_grp = 0, srt_grp = 0, usr_flg = 0,
		spatialprops =
		{
			pos = { 0, 0, 0 },
			orient = { { 1, 0, 0 }, { 0, 1, 0 }, { 0, 0, 1 } }
		},
		audioprops =
		{
			attenuation = -1,
			pan = 0,
			dmin = 50,
			dmax = 1000,
			ain = 360,
			aout = 360,
			atout = 0,
			rmix = 0,
		},
		userprops =
		{
			category = "Audio",
		}
	},

	{
		entity_name = "Z_dx_s032a_0703_dexter_29",
		type = SOUND,
		template_name = "dx_s032a_0703_dexter",
		lt_grp = 0, srt_grp = 0, usr_flg = 0,
		spatialprops =
		{
			pos = { 0, 0, 0 },
			orient = { { 1, 0, 0 }, { 0, 1, 0 }, { 0, 0, 1 } }
		},
		audioprops =
		{
			attenuation = -1,
			pan = 0,
			dmin = 50,
			dmax = 1000,
			ain = 360,
			aout = 360,
			atout = 0,
			rmix = 0,
		},
		userprops =
		{
			category = "Audio",
		}
	},

	{
		entity_name = "Cam_Monitor_s032a",
		type = MONITOR,
		template_name = "",
		lt_grp = 0, srt_grp = 0, usr_flg = 0,
		userprops =
		{
			Priority = "Monitor_Moving_1",
		}
	},

	{
		entity_name = "Char_T_Mrk_loc_02_bar",
		type = MARKER,
		template_name = "",
		lt_grp = 0, srt_grp = 0, usr_flg = 0,
		spatialprops =
		{
			pos = { -3.217643, 0, -4.6842 },
			orient = { {  0.459912,  0.000000,  0.887965 },
					   {  0.000000,  1.000000,  0.000000 },
					   { -0.887965,  0.000000,  0.459912 } }
		}
	},

	{
		entity_name = "Char_T_Mrk_loc_03b_YouDex_Stop",
		type = MARKER,
		template_name = "",
		lt_grp = 0, srt_grp = 0, usr_flg = 0,
		spatialprops =
		{
			pos = { 5.437125, 0.973171, 10.10086 },
			orient = { { -0.996747,  0.000000,  0.080597 },
					   {  0.000000,  1.000000,  0.000000 },
					   { -0.080597,  0.000000, -0.996747 } }
		}
	},

	{
		entity_name = "Char_D_Mrk_loc_01_window",
		type = MARKER,
		template_name = "",
		lt_grp = 0, srt_grp = 0, usr_flg = 0,
		spatialprops =
		{
			pos = { 5.764213, 0.545762, 14.77265 },
			orient = { { -0.986755,  0.000000,  0.162221 },
					   {  0.000000,  1.000000,  0.000000 },
					   { -0.162221,  0.000000, -0.986755 } }
		}
	},

	{
		entity_name = "Char_T_Mrk_loc_02b_bar_Stop",
		type = MARKER,
		template_name = "",
		lt_grp = 0, srt_grp = 0, usr_flg = 0,
		spatialprops =
		{
			pos = { -1.624047, 0.972928, -5.496904 },
			orient = { {  0.468988,  0.000000,  0.883205 },
					   {  0.000000,  1.000000,  0.000000 },
					   { -0.883205,  0.000000,  0.468988 } }
		}
	},

	{
		entity_name = "Char_T_Mrk_loc_01_enter",
		type = MARKER,
		template_name = "",
		lt_grp = 0, srt_grp = 0, usr_flg = 0,
		spatialprops =
		{
			pos = { -5.402543, 0, 0.102432 },
			orient = { { -0.298408,  0.000000,  0.954438 },
					   {  0.000000,  1.000000,  0.000000 },
					   { -0.954438,  0.000000, -0.298408 } }
		}
	},

	{
		entity_name = "Prop_barcloth_flat",
		type = COMPOUND,
		template_name = "barcloth_flat",
		lt_grp = 0, srt_grp = 0, usr_flg = 0,
		flags = LIT_DYNAMIC,
		spatialprops =
		{
			pos = { 0.22762, 1.12474, -6.61974 },
			orient = { {  1.000000,  0.000000,  0.000000 },
					   {  0.000000,  0.016693,  0.999861 },
					   {  0.000000, -0.999861,  0.016693 } }
		},
		userprops =
		{
			category = "Prop",
		}
	},

	{
		entity_name = "Prop_glass_green",
		type = COMPOUND,
		template_name = "glass_green",
		lt_grp = 0, srt_grp = 0, usr_flg = 0,
		flags = LIT_DYNAMIC,
		spatialprops =
		{
			pos = { -0.412823, 1.197951, -6.293338 },
			orient = { {  0.614085,  0.455737, -0.644363 },
					   { -0.247001,  0.886396,  0.391525 },
					   {  0.749593, -0.081271,  0.656891 } }
		},
		userprops =
		{
			category = "Prop",
		}
	},

	{
		entity_name = "Char_T_Mrk_loc_03_YouDex_Start",
		type = MARKER,
		template_name = "",
		lt_grp = 0, srt_grp = 0, usr_flg = 0,
		spatialprops =
		{
			pos = { 5.250537, 0.973156, 6.641639 },
			orient = { { -0.997819,  0.000000,  0.066014 },
					   {  0.000000,  1.000000,  0.000000 },
					   { -0.066014,  0.000000, -0.997819 } }
		}
	},

	{
		entity_name = "Char_B_Mrk_loc_face_bar",
		type = MARKER,
		template_name = "",
		lt_grp = 0, srt_grp = 0, usr_flg = 0,
		spatialprops =
		{
			pos = { -0.444669, 0, -5.855588 },
			orient = { {  0.968390,  0.000000,  0.249441 },
					   {  0.000000,  1.000000,  0.000000 },
					   { -0.249441,  0.000000,  0.968390 } }
		}
	},

	{
		entity_name = "Cam_a_03_OTS_wide",
		type = CAMERA,
		template_name = "",
		lt_grp = 0, srt_grp = 0, usr_flg = 0,
		flags = HIDDEN,
		spatialprops =
		{
			pos = { -2.002888, 1.688392, -5.843774 },
			orient = { { -0.965215,  0.000000,  0.261456 },
					   {  0.010408,  0.999207,  0.038425 },
					   { -0.261249,  0.039809, -0.964450 } }
		},
		cameraprops =
		{
			fovh = 25,
			hvaspect = 1.85,
			nearplane = 0.3,
			farplane = 4000
		}
	},

	{
		entity_name = "Cam_a_04_race_A",
		type = CAMERA,
		template_name = "",
		lt_grp = 0, srt_grp = 0, usr_flg = 0,
		flags = HIDDEN,
		spatialprops =
		{
			pos = { -3.88956, 3.110011, 9.208714 },
			orient = { { -0.999949,  0.000000, -0.010115 },
					   {  0.000805,  0.996831, -0.079539 },
					   {  0.010082, -0.079543, -0.996780 } }
		},
		cameraprops =
		{
			fovh = 25,
			hvaspect = 1.85,
			nearplane = 0.4,
			farplane = 4000
		}
	},

	{
		entity_name = "Cam_a_04_race_B",
		type = CAMERA,
		template_name = "",
		lt_grp = 0, srt_grp = 0, usr_flg = 0,
		flags = HIDDEN,
		spatialprops =
		{
			pos = { -3.88956, 3.110011, 9.208714 },
			orient = { { -0.734370,  0.000000,  0.678750 },
					   {  0.064376,  0.995492,  0.069651 },
					   { -0.675690,  0.094845, -0.731059 } }
		},
		cameraprops =
		{
			fovh = 25,
			hvaspect = 1.85,
			nearplane = 0.4,
			farplane = 4000
		}
	},

	{
		entity_name = "Char_D_Mrk_loc_03_Challenge",
		type = MARKER,
		template_name = "",
		lt_grp = 0, srt_grp = 0, usr_flg = 0,
		spatialprops =
		{
			pos = { 4.510101, 0.972935, 6.407211 },
			orient = { { -0.982947,  0.000000,  0.183889 },
					   {  0.000000,  1.000000,  0.000000 },
					   { -0.183889,  0.000000, -0.982947 } }
		}
	},

	{
		entity_name = "Char_D_Mrk_loc_04_WannaRace",
		type = MARKER,
		template_name = "",
		lt_grp = 0, srt_grp = 0, usr_flg = 0,
		spatialprops =
		{
			pos = { 2.221197, 0.972918, 5.989897 },
			orient = { {  0.004612,  0.000000,  0.999989 },
					   {  0.000000,  1.000000,  0.000000 },
					   { -0.999989,  0.000000,  0.004612 } }
		}
	},

	{
		entity_name = "Char_T_Mrk_loc_04_Challenge",
		type = MARKER,
		template_name = "",
		lt_grp = 0, srt_grp = 0, usr_flg = 0,
		spatialprops =
		{
			pos = { 4.781281, 0.972833, 7.372934 },
			orient = { {  0.888072,  0.000000, -0.459704 },
					   {  0.000000,  1.000000,  0.000000 },
					   {  0.459704,  0.000000,  0.888072 } }
		}
	},

	{
		entity_name = "Char_T_Mrk_ort_walk_02",
		type = MARKER,
		template_name = "",
		lt_grp = 0, srt_grp = 0, usr_flg = 0,
		spatialprops =
		{
			pos = { 4.993693, 0.952671, 7.946566 },
			orient = { {  0.941065,  0.000000, -0.338225 },
					   {  0.000000,  1.000000,  0.000000 },
					   {  0.338225,  0.000000,  0.941065 } }
		}
	},

	{
		entity_name = "Char_Hovis_Extra_3",
		type = DEFORMABLE,
		template_name = "hvis_xtr_3",
		lt_grp = 0, srt_grp = 0, usr_flg = 0,
		flags = LIT_DYNAMIC,
		spatialprops =
		{
			pos = { 0, 0, 0 },
			orient = { { 1, 0, 0 }, { 0, 1, 0 }, { 0, 0, 1 } }
		},
		compoundprops =
		{
			floor_height = 0
		},
		userprops =
		{
			actor = "hvis_xtr_3",
			category = "Character",
			Priority = "BG_Extras_1",
		}
	},

	{
		entity_name = "Char_Hovis_Extra_3_Mrk_loc_01",
		type = MARKER,
		template_name = "",
		lt_grp = 0, srt_grp = 0, usr_flg = 0,
		spatialprops =
		{
			pos = { 4.693842, 0, 16.75046 },
			orient = { { -0.995426,  0.000000,  0.095540 },
					   {  0.000000,  1.000000,  0.000000 },
					   { -0.095540,  0.000000, -0.995426 } }
		}
	},

	{
		entity_name = "Char_D_Mrk_ort_01_walk",
		type = MARKER,
		template_name = "",
		lt_grp = 0, srt_grp = 0, usr_flg = 0,
		spatialprops =
		{
			pos = { 4.353987, 0.926107, 7.19948 },
			orient = { { -0.410613,  0.000000, -0.911810 },
					   {  0.000000,  1.000000,  0.000000 },
					   {  0.911810,  0.000000, -0.410613 } }
		}
	},

	{
		entity_name = "Char_Hovis_Extra_2",
		type = DEFORMABLE,
		template_name = "hvis_xtr_2",
		lt_grp = 0, srt_grp = 0, usr_flg = 0,
		flags = LIT_DYNAMIC,
		spatialprops =
		{
			pos = { -1.248716, 0, 0.34505 },
			orient = { { -0.997838,  0.000000,  0.065728 },
					   {  0.000000,  1.000000,  0.000000 },
					   { -0.065728,  0.000000, -0.997838 } }
		},
		compoundprops =
		{
			floor_height = 0
		},
		userprops =
		{
			actor = "hvis_xtr_2",
			category = "Character",
			Priority = "BG_Extras_1",
		}
	},

	{
		entity_name = "Char_Hovis_Extra_2_Mrk_loc_01",
		type = MARKER,
		template_name = "",
		lt_grp = 0, srt_grp = 0, usr_flg = 0,
		spatialprops =
		{
			pos = { 3.942877, 0, 17.10333 },
			orient = { { -0.993199,  0.000000,  0.116429 },
					   {  0.000000,  1.000000,  0.000000 },
					   { -0.116429,  0.000000, -0.993199 } }
		}
	},

	{
		entity_name = "Char_T_Mrk_loc_05_WannaRace",
		type = MARKER,
		template_name = "",
		lt_grp = 0, srt_grp = 0, usr_flg = 0,
		spatialprops =
		{
			pos = { 3.714564, 0.972861, 6.190544 },
			orient = { {  0.245409,  0.000000, -0.969420 },
					   {  0.000000,  1.000000,  0.000000 },
					   {  0.969420,  0.000000,  0.245409 } }
		}
	},

	{
		entity_name = "Char_T_Mrk_ort_walk_01",
		type = MARKER,
		template_name = "",
		lt_grp = 0, srt_grp = 0, usr_flg = 0,
		spatialprops =
		{
			pos = { 5.50078, 0.846515, 9.864419 },
			orient = { {  0.916831,  0.000000, -0.399276 },
					   {  0.000000,  1.000000,  0.000000 },
					   {  0.399276,  0.000000,  0.916831 } }
		}
	},

	{
		entity_name = "Ship_k_elite",
		type = COMPOUND,
		template_name = "rtcprop_k_elite",
		lt_grp = 3, srt_grp = 0, usr_flg = 0,
		flags = LIT_DYNAMIC,
		spatialprops =
		{
			pos = { -3.277269, -1.411492, -52.62452 },
			orient = { { -0.659711,  0.007089, -0.751486 },
					   { -0.025047,  0.999193,  0.031414 },
					   {  0.751102,  0.039547, -0.659001 } }
		},
		userprops =
		{
			category = "Spaceship",
			loadout = "ku_n_ku_elite_loadout01",
			running_lights = "True",
		}
	},

	{
		entity_name = "Ship_r_fighter",
		type = COMPOUND,
		template_name = "rtcprop_r_fighter",
		lt_grp = 3, srt_grp = 0, usr_flg = 0,
		flags = LIT_DYNAMIC,
		spatialprops =
		{
			pos = { -15.38565, 5.748431, -58.38488 },
			orient = { { -0.661363, -0.000087, -0.750066 },
					   { -0.011939,  0.999875,  0.010412 },
					   {  0.749971,  0.015841, -0.661281 } }
		},
		userprops =
		{
			category = "Spaceship",
			loadout = "rh_p_rh_fighter_loadout01",
			running_lights = "True",
		}
	},

	{
		entity_name = "Z_dx_s032a_0501_dexter_1",
		type = SOUND,
		template_name = "dx_s032a_0501_dexter",
		lt_grp = 0, srt_grp = 0, usr_flg = 0,
		spatialprops =
		{
			pos = { 0, 0, 0 },
			orient = { { 1, 0, 0 }, { 0, 1, 0 }, { 0, 0, 1 } }
		},
		audioprops =
		{
			attenuation = -6,
			pan = 0,
			dmin = 50,
			dmax = 300,
			ain = 360,
			aout = 360,
			atout = 0,
			rmix = 0,
		},
		userprops =
		{
			category = "Audio",
		}
	},

	{
		entity_name = "Z_dx_s032a_0502_dexter_2",
		type = SOUND,
		template_name = "dx_s032a_0502_dexter",
		lt_grp = 0, srt_grp = 0, usr_flg = 0,
		spatialprops =
		{
			pos = { 0, 0, 0 },
			orient = { { 1, 0, 0 }, { 0, 1, 0 }, { 0, 0, 1 } }
		},
		audioprops =
		{
			attenuation = 0,
			pan = 0,
			dmin = 50,
			dmax = 300,
			ain = 360,
			aout = 360,
			atout = 0,
			rmix = 0,
		},
		userprops =
		{
			category = "Audio",
		}
	},

	{
		entity_name = "Char_T_Mrk_IKhead_bar",
		type = MARKER,
		template_name = "",
		lt_grp = 0, srt_grp = 0, usr_flg = 0,
		spatialprops =
		{
			pos = { -0.322406, 1.738627, -2.098479 },
			orient = { { -0.055135,  0.000000, -0.998479 },
					   {  0.000000,  1.000000,  0.000000 },
					   {  0.998479,  0.000000, -0.055135 } }
		}
	},

	{
		entity_name = "Ship_r_fighter_path_lead",
		type = MOTION_PATH,
		template_name = "",
		lt_grp = 0, srt_grp = 0, usr_flg = 0,
		spatialprops =
		{
			pos = { -58.36056, 3.359647, 27.97998 },
			orient = { { -0.463965, -0.033419,  0.885223 },
					   { -0.011823,  0.999433,  0.031534 },
					   { -0.885774,  0.004165, -0.464097 } }
		},
		pathprops =
		{
			path_type = "CV_CROrientationSplinePath",
			path_data = "OPEN,{-11.217333,1.990565,5.876488}, {0.983221,-0.002695,-0.181816,0.014573}, {27.858009,1.295210,-89.855438}, {0.984969,0.005634,-0.164023,0.053861}, {94.315720,-6.699802,-304.252625}, {0.990656,0.040026,-0.074516,0.106991}, {110.145294,-8.640571,-468.605469}, {0.992284,0.080774,-0.071036,-0.061657}, {146.884872,-5.213257,-774.009583}, {0.965667,0.146919,0.067161,0.203451}, {320.081390,63.620121,-1187.016479}, {0.852403,0.294001,0.178708,0.393746}, {535.993164,120.368347,-1482.453125}, {0.747118,0.410158,0.203122,0.482003}, "
		}
	},

	{
		entity_name = "Ship_k_elite_path_follow",
		type = MOTION_PATH,
		template_name = "",
		lt_grp = 0, srt_grp = 0, usr_flg = 0,
		spatialprops =
		{
			pos = { -58.36056, -1.275853, 27.97998 },
			orient = { { -0.463965, -0.033419,  0.885223 },
					   { -0.011823,  0.999433,  0.031534 },
					   { -0.885774,  0.004165, -0.464097 } }
		},
		pathprops =
		{
			path_type = "CV_CROrientationSplinePath",
			path_data = "OPEN,{-24.524187,-0.982355,6.383069}, {0.982845,-0.014987,-0.183133,0.015915}, {31.538412,-3.366682,-132.810471}, {0.980298,-0.011217,-0.189164,0.055750}, {93.197540,-6.633391,-345.385071}, {0.991819,0.036382,-0.097655,-0.073724}, {184.705002,3.709718,-783.026062}, {0.948767,0.160165,0.142982,0.231830}, {344.036530,77.924675,-1112.587280}, {0.836208,0.343223,0.206309,0.374688}, {595.367310,154.116699,-1351.387695}, {0.853259,0.283699,0.233165,0.370267}, "
		}
	},

	{
		entity_name = "Cam_a_09_AC2",
		type = CAMERA,
		template_name = "",
		lt_grp = 0, srt_grp = 0, usr_flg = 0,
		flags = HIDDEN,
		spatialprops =
		{
			pos = { 4.203106, 1.728094, 7.655842 },
			orient = { {  0.808582,  0.000000, -0.588383 },
					   { -0.098359,  0.985928, -0.135170 },
					   {  0.580103,  0.167169,  0.797204 } }
		},
		cameraprops =
		{
			fovh = 25,
			hvaspect = 1.85,
			nearplane = 0.4,
			farplane = 4000
		}
	},

	{
		entity_name = "Char_Hovis_Extra_2_Mrk_loc_02",
		type = MARKER,
		template_name = "",
		lt_grp = 0, srt_grp = 0, usr_flg = 0,
		spatialprops =
		{
			pos = { 4.404407, 0, 16.96098 },
			orient = { {  0.603077,  0.000000,  0.797683 },
					   {  0.000000,  1.000000,  0.000000 },
					   { -0.797683,  0.000000,  0.603077 } }
		}
	},

	{
		entity_name = "Char_Hovis_Extra_3_Mrk_loc_02",
		type = MARKER,
		template_name = "",
		lt_grp = 0, srt_grp = 0, usr_flg = 0,
		spatialprops =
		{
			pos = { 5.150856, 0, 16.66642 },
			orient = { {  0.005677,  0.000000, -0.999984 },
					   {  0.000000,  1.000000,  0.000000 },
					   {  0.999984,  0.000000,  0.005677 } }
		}
	},

	{
		entity_name = "Prop_barcloth_wadded",
		type = COMPOUND,
		template_name = "barcloth_wadded",
		lt_grp = 0, srt_grp = 0, usr_flg = 0,
		flags = LIT_DYNAMIC,
		spatialprops =
		{
			pos = { -0.285005, 1.150263, -6.274545 },
			orient = { { -0.187861, -0.523498, -0.831059 },
					   { -0.418643,  0.808093, -0.414397 },
					   {  0.888508,  0.270068, -0.370968 } }
		},
		userprops =
		{
			category = "Prop",
		}
	},

	{
		entity_name = "Char_T_Mrk_ort_walk_05",
		type = MARKER,
		template_name = "",
		lt_grp = 0, srt_grp = 0, usr_flg = 0,
		spatialprops =
		{
			pos = { 4.154217, 0.842444, 7.427458 },
			orient = { {  0.509364,  0.000000, -0.860551 },
					   {  0.000000,  1.000000,  0.000000 },
					   {  0.860551,  0.000000,  0.509364 } }
		}
	},

	{
		entity_name = "Char_T_Mrk_ort_walk_06",
		type = MARKER,
		template_name = "",
		lt_grp = 0, srt_grp = 0, usr_flg = 0,
		spatialprops =
		{
			pos = { 4.154217, 0.842444, 7.427458 },
			orient = { {  0.246422,  0.000000, -0.969163 },
					   {  0.000000,  1.000000,  0.000000 },
					   {  0.969163,  0.000000,  0.246422 } }
		}
	},

	{
		entity_name = "Char_T_Mrk_ort_walk_03",
		type = MARKER,
		template_name = "",
		lt_grp = 0, srt_grp = 0, usr_flg = 0,
		spatialprops =
		{
			pos = { 4.154217, 0.842444, 7.427458 },
			orient = { {  0.858077,  0.000000, -0.513522 },
					   {  0.000000,  1.000000,  0.000000 },
					   {  0.513522,  0.000000,  0.858077 } }
		}
	},

	{
		entity_name = "Char_T_Mrk_ort_walk_04",
		type = MARKER,
		template_name = "",
		lt_grp = 0, srt_grp = 0, usr_flg = 0,
		spatialprops =
		{
			pos = { 4.154217, 0.842444, 7.427458 },
			orient = { {  0.771675,  0.000000, -0.636017 },
					   {  0.000000,  1.000000,  0.000000 },
					   {  0.636017,  0.000000,  0.771675 } }
		}
	},

	{
		entity_name = "Mrk_location_offscreen",
		type = MARKER,
		template_name = "",
		lt_grp = 0, srt_grp = 0, usr_flg = 0,
		spatialprops =
		{
			pos = { 0, -12.00658, 0 },
			orient = { { 1, 0, 0 }, { 0, 1, 0 }, { 0, 0, 1 } }
		}
	},

	{
		entity_name = "Prop_barcloth_flat_Mrk",
		type = MARKER,
		template_name = "",
		lt_grp = 0, srt_grp = 0, usr_flg = 0,
		spatialprops =
		{
			pos = { 0.455208, 1.12474, -6.96693 },
			orient = { {  1.000000,  0.000000,  0.000000 },
					   {  0.000000,  0.016693,  0.999861 },
					   {  0.000000, -0.999861,  0.016693 } }
		}
	},

	{
		entity_name = "Char_B_Mrk_ort_01",
		type = MARKER,
		template_name = "",
		lt_grp = 0, srt_grp = 0, usr_flg = 0,
		spatialprops =
		{
			pos = { -0.444669, 0, -5.855588 },
			orient = { {  0.968390,  0.000000,  0.249441 },
					   {  0.000000,  1.000000,  0.000000 },
					   { -0.249441,  0.000000,  0.968390 } }
		}
	},

	{
		entity_name = "Prop_glass_green_Mrk",
		type = MARKER,
		template_name = "",
		lt_grp = 0, srt_grp = 0, usr_flg = 0,
		spatialprops =
		{
			pos = { 0.069548, 1.114893, -6.968702 },
			orient = { {  0.287595, -0.003783, -0.957745 },
					   { -0.957747,  0.002116, -0.287604 },
					   {  0.003114,  0.999991, -0.003015 } }
		}
	},

	{
		entity_name = "Char_T_Mrk_IKhead",
		type = MARKER,
		template_name = "",
		lt_grp = 0, srt_grp = 0, usr_flg = 0,
		spatialprops =
		{
			pos = { -0.322406, 1.738627, -2.098479 },
			orient = { { -0.055135,  0.000000, -0.998479 },
					   {  0.000000,  1.000000,  0.000000 },
					   {  0.998479,  0.000000, -0.055135 } }
		}
	},

	{
		entity_name = "Char_T_Mrk_IKhead_jawing",
		type = MARKER,
		template_name = "",
		lt_grp = 0, srt_grp = 0, usr_flg = 0,
		spatialprops =
		{
			pos = { -0.322406, 1.738627, -2.098479 },
			orient = { { -0.055135,  0.000000, -0.998479 },
					   {  0.000000,  1.000000,  0.000000 },
					   {  0.998479,  0.000000, -0.055135 } }
		}
	},

	{
		entity_name = "Cam_a_08_AC2_dolly",
		type = CAMERA,
		template_name = "",
		lt_grp = 0, srt_grp = 0, usr_flg = 0,
		flags = HIDDEN,
		spatialprops =
		{
			pos = { 2.982608, 1.593727, 8.184432 },
			orient = { {  0.632619,  0.000000,  0.774463 },
					   {  0.055032,  0.997472, -0.044953 },
					   { -0.772506,  0.071058,  0.631020 } }
		},
		cameraprops =
		{
			fovh = 20,
			hvaspect = 1.85,
			nearplane = 0.4,
			farplane = 4000
		}
	},

	{
		entity_name = "Cam_a_06_PC2_FriendOfQ_B",
		type = CAMERA,
		template_name = "",
		lt_grp = 0, srt_grp = 0, usr_flg = 0,
		flags = HIDDEN,
		spatialprops =
		{
			pos = { 3.556494, 1.792235, 11.48532 },
			orient = { {  0.413614,  0.000000,  0.910452 },
					   {  0.185326,  0.979064, -0.084193 },
					   { -0.891391,  0.203554,  0.404955 } }
		},
		cameraprops =
		{
			fovh = 25,
			hvaspect = 1.85,
			nearplane = 0.4,
			farplane = 4000
		}
	},

	{
		entity_name = "Cam_a_05_ACS_Sigh_A",
		type = CAMERA,
		template_name = "",
		lt_grp = 0, srt_grp = 0, usr_flg = 0,
		spatialprops =
		{
			pos = { 5.135512, 1.631803, 16.19818 },
			orient = { {  0.871157,  0.000000,  0.491004 },
					   {  0.045112,  0.995770, -0.080039 },
					   { -0.488927,  0.091877,  0.867473 } }
		},
		cameraprops =
		{
			fovh = 25,
			hvaspect = 1.85,
			nearplane = 0.4,
			farplane = 4000
		}
	},

	{
		entity_name = "Cam_a_05_ACS_Sigh_B",
		type = CAMERA,
		template_name = "",
		lt_grp = 0, srt_grp = 0, usr_flg = 0,
		flags = HIDDEN,
		spatialprops =
		{
			pos = { 3.886712, 1.695022, 16.27847 },
			orient = { {  0.962012,  0.000000,  0.273006 },
					   {  0.025887,  0.995494, -0.091218 },
					   { -0.271776,  0.094820,  0.957678 } }
		},
		cameraprops =
		{
			fovh = 25,
			hvaspect = 1.85,
			nearplane = 0.4,
			farplane = 4000
		}
	},

	{
		entity_name = "Cam_a_06_PC2_FriendOfQ_A",
		type = CAMERA,
		template_name = "",
		lt_grp = 0, srt_grp = 0, usr_flg = 0,
		flags = HIDDEN,
		spatialprops =
		{
			pos = { 2.887619, 1.792235, 12.34499 },
			orient = { {  0.413614,  0.000000,  0.910452 },
					   {  0.185326,  0.979064, -0.084193 },
					   { -0.891391,  0.203554,  0.404955 } }
		},
		cameraprops =
		{
			fovh = 25,
			hvaspect = 1.85,
			nearplane = 0.4,
			farplane = 4000
		}
	},

	{
		entity_name = "Cam_a_07_walk_A",
		type = CAMERA,
		template_name = "",
		lt_grp = 0, srt_grp = 0, usr_flg = 0,
		flags = HIDDEN,
		spatialprops =
		{
			pos = { 4.93861, 1.821331, 9.44628 },
			orient = { { -0.951113,  0.000000,  0.308843 },
					   {  0.072574,  0.971999,  0.223499 },
					   { -0.300195,  0.234987, -0.924480 } }
		},
		cameraprops =
		{
			fovh = 25,
			hvaspect = 1.85,
			nearplane = 0.4,
			farplane = 4000
		}
	},

	{
		entity_name = "Cam_a_07_walk_B",
		type = CAMERA,
		template_name = "",
		lt_grp = 0, srt_grp = 0, usr_flg = 0,
		flags = HIDDEN,
		spatialprops =
		{
			pos = { 3.876063, 1.765612, 5.455171 },
			orient = { { -0.834921,  0.000000,  0.550370 },
					   {  0.080624,  0.989212,  0.122308 },
					   { -0.544432,  0.146491, -0.825914 } }
		},
		cameraprops =
		{
			fovh = 25,
			hvaspect = 1.85,
			nearplane = 0.4,
			farplane = 4000
		}
	},

	{
		entity_name = "Cam_a_01_statue_B",
		type = CAMERA,
		template_name = "",
		lt_grp = 0, srt_grp = 0, usr_flg = 0,
		flags = HIDDEN,
		spatialprops =
		{
			pos = { 2.83781, 2.084416, 9.70539 },
			orient = { {  0.946644,  0.000000, -0.322281 },
					   {  0.016773,  0.998645,  0.049269 },
					   {  0.321844, -0.052046,  0.945361 } }
		},
		cameraprops =
		{
			fovh = 30,
			hvaspect = 1.85,
			nearplane = 0.4,
			farplane = 4000
		}
	},

	{
		entity_name = "Ship_k_elite_path_follow_bouncier",
		type = MOTION_PATH,
		template_name = "",
		lt_grp = 0, srt_grp = 0, usr_flg = 0,
		flags = HIDDEN,
		spatialprops =
		{
			pos = { -58.36056, -1.275853, 27.97998 },
			orient = { { -0.463965, -0.033419,  0.885223 },
					   { -0.011823,  0.999433,  0.031534 },
					   { -0.885775,  0.004165, -0.464097 } }
		},
		pathprops =
		{
			path_type = "CV_CROrientationSplinePath",
			path_data = "OPEN,{-24.524187,-0.982355,6.383069}, {0.982845,-0.014987,-0.183133,0.015915}, {31.538960,-3.366102,-132.812607}, {0.957092,-0.042759,-0.184609,0.219240}, {93.254852,-8.323973,-345.395325}, {0.974070,0.048653,-0.092158,-0.200815}, {184.624924,6.186589,-783.026550}, {0.900464,0.180672,0.115996,0.378244}, {93.341690,55.186501,-1083.698486}, {0.836213,0.343232,0.206317,0.374663}, {-72.983421,147.542999,-1270.999634}, {0.853264,0.283711,0.233180,0.370237}, "
		}
	},

	{
		entity_name = "Ship_r_fighter_path_lead_bouncier",
		type = MOTION_PATH,
		template_name = "",
		lt_grp = 0, srt_grp = 0, usr_flg = 0,
		flags = HIDDEN,
		spatialprops =
		{
			pos = { -58.36056, 3.359647, 27.97998 },
			orient = { { -0.463965, -0.033419,  0.885223 },
					   { -0.011823,  0.999433,  0.031534 },
					   { -0.885775,  0.004165, -0.464097 } }
		},
		pathprops =
		{
			path_type = "CV_CROrientationSplinePath",
			path_data = "OPEN,{-11.217333,1.990565,5.876488}, {0.983221,-0.002695,-0.181816,0.014573}, {17.058588,0.837617,-66.632256}, {0.967973,-0.017175,-0.163219,0.189984}, {56.301468,-5.580706,-179.777206}, {0.991754,0.023180,-0.116304,-0.048586}, {96.888947,-5.182158,-302.142151}, {0.944742,0.102502,-0.010888,0.311188}, {108.562286,-10.252099,-468.077484}, {0.936103,0.109371,-0.133740,-0.306371}, {167.235336,-4.402977,-804.506470}, {0.903013,0.157607,0.035443,0.398084}, {100.028427,48.077122,-1071.561646}, {0.852404,0.294002,0.178709,0.393743}, {-145.060455,202.391037,-1342.651611}, {0.747128,0.410170,0.203126,0.481975}, "
		}
	},

	{
		entity_name = "Char_B_Mrk_loc_Bartender/01/A",
		type = MARKER,
		template_name = "",
		lt_grp = 0, srt_grp = 0, usr_flg = 0,
		spatialprops =
		{
			pos = { -0.007804, 0, -5.748434 },
			orient = { { -0.900501,  0.000000, -0.434855 },
					   {  0.000000,  1.000000,  0.000000 },
					   {  0.434855,  0.000000, -0.900501 } }
		}
	},

	{
		entity_name = "Cam_a_08_AC2_dolly_path",
		type = MOTION_PATH,
		template_name = "",
		lt_grp = 0, srt_grp = 0, usr_flg = 0,
		flags = HIDDEN,
		spatialprops =
		{
			pos = { 2.982608, 1.593727, 8.184432 },
			orient = { {  0.632619,  0.000000,  0.774463 },
					   {  0.055032,  0.997472, -0.044953 },
					   { -0.772506,  0.071058,  0.631020 } }
		},
		pathprops =
		{
			path_type = "CV_CROrientationSplinePath",
			path_data = "OPEN,{0.000000,0.000000,0.000000}, {1.000000,0.000000,0.000000,0.000000}, {-1.447438,0.019203,1.212132}, {0.995071,-0.018691,-0.096764,-0.011043}, {-3.022097,0.145116,0.926330}, {0.970442,-0.036908,-0.237079,-0.025976}, "
		}
	},

	{
		entity_name = "Char_D_Mrk_IKeyes",
		type = MARKER,
		template_name = "",
		lt_grp = 0, srt_grp = 0, usr_flg = 0,
		spatialprops =
		{
			pos = { 4.353987, 0.926107, 7.19948 },
			orient = { { -0.458365,  0.000000, -0.888764 },
					   {  0.000000,  1.000000,  0.000000 },
					   {  0.888764,  0.000000, -0.458365 } }
		}
	},

	{
		entity_name = "Char_D_Mrk_IKeyes_Fwd",
		type = MARKER,
		template_name = "",
		lt_grp = 0, srt_grp = 0, usr_flg = 0,
		spatialprops =
		{
			pos = { 5.917471, 1.740335, 15.7751 },
			orient = { {  0.987368,  0.041402, -0.152938 },
					   { -0.051927,  0.996502, -0.065479 },
					   {  0.149692,  0.072593,  0.986064 } }
		}
	},

	{
		entity_name = "Char_D_Mrk_IKeyes_Left",
		type = MARKER,
		template_name = "",
		lt_grp = 0, srt_grp = 0, usr_flg = 0,
		spatialprops =
		{
			pos = { 5.917471, 1.740335, 15.7751 },
			orient = { {  0.987368,  0.041402, -0.152938 },
					   { -0.051927,  0.996502, -0.065479 },
					   {  0.149692,  0.072593,  0.986064 } }
		}
	},

	{
		entity_name = "Char_D_Mrk_IKeyes_Right",
		type = MARKER,
		template_name = "",
		lt_grp = 0, srt_grp = 0, usr_flg = 0,
		spatialprops =
		{
			pos = { 5.917471, 1.740335, 15.7751 },
			orient = { {  0.987368,  0.041402, -0.152938 },
					   { -0.051927,  0.996502, -0.065479 },
					   {  0.149692,  0.072593,  0.986064 } }
		}
	},

	{
		entity_name = "Char_D_Mrk_IKeyes_Fwd_challenge",
		type = MARKER,
		template_name = "",
		lt_grp = 0, srt_grp = 0, usr_flg = 0,
		spatialprops =
		{
			pos = { 0.941951, 1.861652, 5.935045 },
			orient = { {  0.987368,  0.041402, -0.152938 },
					   { -0.051927,  0.996502, -0.065479 },
					   {  0.149692,  0.072593,  0.986064 } }
		}
	},

	{
		entity_name = "Char_T_Mrk_IKeyes",
		type = MARKER,
		template_name = "",
		lt_grp = 0, srt_grp = 0, usr_flg = 0,
		spatialprops =
		{
			pos = { 4.353987, 0.926107, 7.19948 },
			orient = { { -0.458365,  0.000000, -0.888764 },
					   {  0.000000,  1.000000,  0.000000 },
					   {  0.888764,  0.000000, -0.458365 } }
		}
	},

	{
		entity_name = "Char_T_Mrk_IKeyes_Fwd",
		type = MARKER,
		template_name = "",
		lt_grp = 0, srt_grp = 0, usr_flg = 0,
		spatialprops =
		{
			pos = { 4.353987, 0.926107, 7.19948 },
			orient = { { -0.458365,  0.000000, -0.888764 },
					   {  0.000000,  1.000000,  0.000000 },
					   {  0.888764,  0.000000, -0.458365 } }
		}
	},

	{
		entity_name = "Char_T_Mrk_IKeyes_Left",
		type = MARKER,
		template_name = "",
		lt_grp = 0, srt_grp = 0, usr_flg = 0,
		spatialprops =
		{
			pos = { 4.353987, 0.926107, 7.19948 },
			orient = { { -0.458365,  0.000000, -0.888764 },
					   {  0.000000,  1.000000,  0.000000 },
					   {  0.888764,  0.000000, -0.458365 } }
		}
	},

	{
		entity_name = "Char_T_Mrk_IKeyes_Right",
		type = MARKER,
		template_name = "",
		lt_grp = 0, srt_grp = 0, usr_flg = 0,
		spatialprops =
		{
			pos = { 4.353987, 0.926107, 7.19948 },
			orient = { { -0.458365,  0.000000, -0.888764 },
					   {  0.000000,  1.000000,  0.000000 },
					   {  0.888764,  0.000000, -0.458365 } }
		}
	},

	{
		entity_name = "Char_T_Mrk_IKeyes_Dn",
		type = MARKER,
		template_name = "",
		lt_grp = 0, srt_grp = 0, usr_flg = 0,
		spatialprops =
		{
			pos = { 4.683156, 1.602872, 9.566384 },
			orient = { { -0.458365,  0.000000, -0.888764 },
					   {  0.000000,  1.000000,  0.000000 },
					   {  0.888764,  0.000000, -0.458365 } }
		}
	},

	{
		entity_name = "Char_B_Mrk_IKeyes",
		type = MARKER,
		template_name = "",
		lt_grp = 0, srt_grp = 0, usr_flg = 0,
		spatialprops =
		{
			pos = { -0.444669, 0, -5.855588 },
			orient = { {  0.968390,  0.000000,  0.249441 },
					   {  0.000000,  1.000000,  0.000000 },
					   { -0.249441,  0.000000,  0.968390 } }
		}
	},

	{
		entity_name = "Char_B_Mrk_IKeyes_Right",
		type = MARKER,
		template_name = "",
		lt_grp = 0, srt_grp = 0, usr_flg = 0,
		spatialprops =
		{
			pos = { -0.444669, 0, -5.855588 },
			orient = { {  0.968390,  0.000000,  0.249441 },
					   {  0.000000,  1.000000,  0.000000 },
					   { -0.249441,  0.000000,  0.968390 } }
		}
	},

	{
		entity_name = "Char_B_Mrk_IKeyes_Fwd",
		type = MARKER,
		template_name = "",
		lt_grp = 0, srt_grp = 0, usr_flg = 0,
		spatialprops =
		{
			pos = { -0.444669, 0, -5.855588 },
			orient = { {  0.968390,  0.000000,  0.249441 },
					   {  0.000000,  1.000000,  0.000000 },
					   { -0.249441,  0.000000,  0.968390 } }
		}
	},

	{
		entity_name = "Ship_r_gf_rh_smallengine01",
		type = PSYS,
		template_name = "gf_rh_smallengine01",
		lt_grp = 0, srt_grp = 0, usr_flg = 0,
		flags = LIT_DYNAMIC + LIT_AMBIENT,
		spatialprops =
		{
			pos = { 0, 0, 0 },
			orient = { { 1, 0, 0 }, { 0, 1, 0 }, { 0, 0, 1 } }
		},
		psysprops =
		{
			sparam = 0
		}
	},

	{
		entity_name = "Ship_k_elite_gf_ku_smallengine02_A",
		type = PSYS,
		template_name = "gf_ku_smallengine02",
		lt_grp = 0, srt_grp = 0, usr_flg = 0,
		flags = LIT_DYNAMIC + LIT_AMBIENT,
		spatialprops =
		{
			pos = { 0, 0, 0 },
			orient = { { 1, 0, 0 }, { 0, 1, 0 }, { 0, 0, 1 } }
		},
		psysprops =
		{
			sparam = 0
		}
	},

	{
		entity_name = "Ship_k_elite_gf_ku_smallengine02_B",
		type = PSYS,
		template_name = "gf_ku_smallengine02",
		lt_grp = 0, srt_grp = 0, usr_flg = 0,
		flags = LIT_DYNAMIC + LIT_AMBIENT,
		spatialprops =
		{
			pos = { 0, 0, 0 },
			orient = { { 1, 0, 0 }, { 0, 1, 0 }, { 0, 0, 1 } }
		},
		psysprops =
		{
			sparam = 0
		}
	},

	{
		entity_name = "Ship_k_elite_engine_ku_small",
		type = SOUND,
		template_name = "engine_ku_small",
		lt_grp = 0, srt_grp = 0, usr_flg = 0,
		flags = SPATIAL,
		spatialprops =
		{
			pos = { 0, 0, 0 },
			orient = { { 1, 0, 0 }, { 0, 1, 0 }, { 0, 0, 1 } }
		},
		audioprops =
		{
			attenuation = 0,
			pan = 0,
			dmin = 150,
			dmax = 1500,
			ain = 360,
			aout = 360,
			atout = 0,
			rmix = 0,
		},
		userprops =
		{
			category = "Audio",
			Priority = "Story_Sound_1",
		}
	},

	{
		entity_name = "Ship_r_engine_rh_small",
		type = SOUND,
		template_name = "engine_rh_small",
		lt_grp = 0, srt_grp = 0, usr_flg = 0,
		flags = SPATIAL,
		spatialprops =
		{
			pos = { 0, 0, 0 },
			orient = { { 1, 0, 0 }, { 0, 1, 0 }, { 0, 0, 1 } }
		},
		audioprops =
		{
			attenuation = 0,
			pan = 0,
			dmin = 150,
			dmax = 1500,
			ain = 360,
			aout = 360,
			atout = 0,
			rmix = 0,
		},
		userprops =
		{
			category = "Audio",
			Priority = "Story_Sound_1",
		}
	},

	{
		entity_name = "Cam_a_10_ACS_Tenderfoot",
		type = CAMERA,
		template_name = "",
		lt_grp = 0, srt_grp = 0, usr_flg = 0,
		spatialprops =
		{
			pos = { 3.480256, 1.677831, 6.445843 },
			orient = { {  0.449746,  0.000000, -0.893157 },
					   { -0.103984,  0.993200, -0.052361 },
					   {  0.887083,  0.116423,  0.446687 } }
		},
		cameraprops =
		{
			fovh = 25,
			hvaspect = 1.85,
			nearplane = 0.4,
			farplane = 4000
		}
	},

	{
		entity_name = "Char_D_Mrk_loc_03_X_fix",
		type = MARKER,
		template_name = "",
		lt_grp = 0, srt_grp = 0, usr_flg = 0,
		spatialprops =
		{
			pos = { 1.954812, 0.971418, 5.925689 },
			orient = { {  0.172519,  0.000000, -0.985006 },
					   {  0.000000,  1.000000,  0.000000 },
					   {  0.985006,  0.000000,  0.172519 } }
		}
	},

	{
		entity_name = "Char_T_Mrk_loc_04_A_fix",
		type = MARKER,
		template_name = "",
		lt_grp = 0, srt_grp = 0, usr_flg = 0,
		spatialprops =
		{
			pos = { 4.767439, 0.966333, 7.429481 },
			orient = { {  0.941463,  0.000000, -0.337118 },
					   {  0.000000,  1.000000,  0.000000 },
					   {  0.337118,  0.000000,  0.941463 } }
		}
	},

	{
		entity_name = "Z_Char_Trent_fs_mr_steel01_1",
		type = SOUND,
		template_name = "fs_mr_steel01",
		lt_grp = 0, srt_grp = 0, usr_flg = 0,
		spatialprops =
		{
			pos = { 0, 0, 0 },
			orient = { { 1, 0, 0 }, { 0, 1, 0 }, { 0, 0, 1 } }
		},
		audioprops =
		{
			attenuation = -30,
			pan = -40,
			dmin = 50,
			dmax = 300,
			ain = 360,
			aout = 360,
			atout = 0,
			rmix = 0,
		},
		userprops =
		{
			category = "Audio",
			Priority = "Steps_4",
		}
	},

	{
		entity_name = "Z_Char_Trent_fs_ml_steel04_2",
		type = SOUND,
		template_name = "fs_ml_steel04",
		lt_grp = 0, srt_grp = 0, usr_flg = 0,
		spatialprops =
		{
			pos = { 0, 0, 0 },
			orient = { { 1, 0, 0 }, { 0, 1, 0 }, { 0, 0, 1 } }
		},
		audioprops =
		{
			attenuation = -28,
			pan = -37,
			dmin = 50,
			dmax = 300,
			ain = 360,
			aout = 360,
			atout = 0,
			rmix = 0,
		},
		userprops =
		{
			category = "Audio",
			Priority = "Steps_4",
		}
	},

	{
		entity_name = "Z_Char_Trent_fs_mr_steel01_3",
		type = SOUND,
		template_name = "fs_mr_steel01",
		lt_grp = 0, srt_grp = 0, usr_flg = 0,
		spatialprops =
		{
			pos = { 0, 0, 0 },
			orient = { { 1, 0, 0 }, { 0, 1, 0 }, { 0, 0, 1 } }
		},
		audioprops =
		{
			attenuation = -26,
			pan = -32,
			dmin = 50,
			dmax = 300,
			ain = 360,
			aout = 360,
			atout = 0,
			rmix = 0,
		},
		userprops =
		{
			category = "Audio",
			Priority = "Steps_4",
		}
	},

	{
		entity_name = "Z_Char_Trent_fs_ml_steel01_4",
		type = SOUND,
		template_name = "fs_ml_steel01",
		lt_grp = 0, srt_grp = 0, usr_flg = 0,
		spatialprops =
		{
			pos = { 0, 0, 0 },
			orient = { { 1, 0, 0 }, { 0, 1, 0 }, { 0, 0, 1 } }
		},
		audioprops =
		{
			attenuation = -25,
			pan = -27,
			dmin = 50,
			dmax = 300,
			ain = 360,
			aout = 360,
			atout = 0,
			rmix = 0,
		},
		userprops =
		{
			category = "Audio",
			Priority = "Steps_4",
		}
	},

	{
		entity_name = "Z_Char_Trent_sfx_fstop_steel_male01_5",
		type = SOUND,
		template_name = "sfx_fstop_steel_male01",
		lt_grp = 0, srt_grp = 0, usr_flg = 0,
		spatialprops =
		{
			pos = { 0, 0, 0 },
			orient = { { 1, 0, 0 }, { 0, 1, 0 }, { 0, 0, 1 } }
		},
		audioprops =
		{
			attenuation = -20,
			pan = -22,
			dmin = 50,
			dmax = 300,
			ain = 360,
			aout = 360,
			atout = 0,
			rmix = 0,
		},
		userprops =
		{
			category = "Audio",
			Priority = "Steps_4",
		}
	},

	{
		entity_name = "Z_Char_Trent_fs_mr_steel04_7",
		type = SOUND,
		template_name = "fs_mr_steel04",
		lt_grp = 0, srt_grp = 0, usr_flg = 0,
		spatialprops =
		{
			pos = { 0, 0, 0 },
			orient = { { 1, 0, 0 }, { 0, 1, 0 }, { 0, 0, 1 } }
		},
		audioprops =
		{
			attenuation = -27,
			pan = -43,
			dmin = 50,
			dmax = 300,
			ain = 360,
			aout = 360,
			atout = 0,
			rmix = 0,
		},
		userprops =
		{
			category = "Audio",
			Priority = "Steps_4",
		}
	},

	{
		entity_name = "Z_Char_Trent_sfx_fturn_male03_8",
		type = SOUND,
		template_name = "sfx_fturn_male03",
		lt_grp = 0, srt_grp = 0, usr_flg = 0,
		spatialprops =
		{
			pos = { 0, 0, 0 },
			orient = { { 1, 0, 0 }, { 0, 1, 0 }, { 0, 0, 1 } }
		},
		audioprops =
		{
			attenuation = -15,
			pan = -45,
			dmin = 50,
			dmax = 300,
			ain = 360,
			aout = 360,
			atout = 0,
			rmix = 0,
		},
		userprops =
		{
			category = "Audio",
			Priority = "Steps_4",
		}
	},

	{
		entity_name = "Z_Char_Trent_fs_ml_steel03_9",
		type = SOUND,
		template_name = "fs_ml_steel03",
		lt_grp = 0, srt_grp = 0, usr_flg = 0,
		spatialprops =
		{
			pos = { 0, 0, 0 },
			orient = { { 1, 0, 0 }, { 0, 1, 0 }, { 0, 0, 1 } }
		},
		audioprops =
		{
			attenuation = -27,
			pan = -41,
			dmin = 50,
			dmax = 300,
			ain = 360,
			aout = 360,
			atout = 0,
			rmix = 0,
		},
		userprops =
		{
			category = "Audio",
			Priority = "Steps_4",
		}
	},

	{
		entity_name = "Z_Char_Trent_fs_mr_steel02_10",
		type = SOUND,
		template_name = "fs_mr_steel02",
		lt_grp = 0, srt_grp = 0, usr_flg = 0,
		spatialprops =
		{
			pos = { 0, 0, 0 },
