duration = 49.198;

entities =
{

	{
		entity_name = "Layer_s033x_nrml_dexter_br_04_Deck_01",
		type = SCENE,
		template_name = "",
		lt_grp = 0, srt_grp = 0, usr_flg = 0,
		spatialprops =
		{
			pos = { 0, 0, 0 },
			orient = { { 1, 0, 0 }, { 0, 1, 0 }, { 0, 0, 1 } }
		},
		up = Y_AXIS,
		front = Z_AXIS,
		ambient = { 0, 0, 0 },
		userprops =
		{
			TextStart = "0.75000",
			TextString = "259614.00000",
		}
	},

	{
		entity_name = "Z_dx_s033x_0101_dexter_1",
		type = SOUND,
		template_name = "dx_s033x_0101_dexter",
		lt_grp = 0, srt_grp = 0, usr_flg = 0,
		spatialprops =
		{
			pos = { 0, 0, 0 },
			orient = { { 1, 0, 0 }, { 0, 1, 0 }, { 0, 0, 1 } }
		},
		audioprops =
		{
			attenuation = -1,
			pan = 0,
			dmin = 50,
			dmax = 1000,
			ain = 360,
			aout = 360,
			atout = 0,
			rmix = 0,
		},
		userprops =
		{
			category = "Audio",
		}
	},

	{
		entity_name = "Z_dx_s033x_0201_Trent_2",
		type = SOUND,
		template_name = "dx_s033x_0201_Trent",
		lt_grp = 0, srt_grp = 0, usr_flg = 0,
		spatialprops =
		{
			pos = { 0, 0, 0 },
			orient = { { 1, 0, 0 }, { 0, 1, 0 }, { 0, 0, 1 } }
		},
		audioprops =
		{
			attenuation = -1,
			pan = 0,
			dmin = 50,
			dmax = 1000,
			ain = 360,
			aout = 360,
			atout = 0,
			rmix = 0,
		},
		userprops =
		{
			category = "Audio",
		}
	},

	{
		entity_name = "Z_dx_s033x_0301_dexter_3",
		type = SOUND,
		template_name = "dx_s033x_0301_dexter",
		lt_grp = 0, srt_grp = 0, usr_flg = 0,
		spatialprops =
		{
			pos = { 0, 0, 0 },
			orient = { { 1, 0, 0 }, { 0, 1, 0 }, { 0, 0, 1 } }
		},
		audioprops =
		{
			attenuation = -1,
			pan = 0,
			dmin = 50,
			dmax = 1000,
			ain = 360,
			aout = 360,
			atout = 0,
			rmix = 0,
		},
		userprops =
		{
			category = "Audio",
		}
	},

	{
		entity_name = "Z_dx_s033x_0302_dexter_4",
		type = SOUND,
		template_name = "dx_s033x_0302_dexter",
		lt_grp = 0, srt_grp = 0, usr_flg = 0,
		spatialprops =
		{
			pos = { 0, 0, 0 },
			orient = { { 1, 0, 0 }, { 0, 1, 0 }, { 0, 0, 1 } }
		},
		audioprops =
		{
			attenuation = -1,
			pan = 0,
			dmin = 50,
			dmax = 1000,
			ain = 360,
			aout = 360,
			atout = 0,
			rmix = 0,
		},
		userprops =
		{
			category = "Audio",
		}
	},

	{
		entity_name = "Z_dx_s033x_0303_dexter_5",
		type = SOUND,
		template_name = "dx_s033x_0303_dexter",
		lt_grp = 0, srt_grp = 0, usr_flg = 0,
		spatialprops =
		{
			pos = { 0, 0, 0 },
			orient = { { 1, 0, 0 }, { 0, 1, 0 }, { 0, 0, 1 } }
		},
		audioprops =
		{
			attenuation = -1,
			pan = 0,
			dmin = 50,
			dmax = 1000,
			ain = 360,
			aout = 360,
			atout = 0,
			rmix = 0,
		},
		userprops =
		{
			category = "Audio",
		}
	},

	{
		entity_name = "Z_dx_s033x_0305_dexter_8",
		type = SOUND,
		template_name = "dx_s033x_0305_dexter",
		lt_grp = 0, srt_grp = 0, usr_flg = 0,
		spatialprops =
		{
			pos = { 0, 0, 0 },
			orient = { { 1, 0, 0 }, { 0, 1, 0 }, { 0, 0, 1 } }
		},
		audioprops =
		{
			attenuation = -1,
			pan = 0,
			dmin = 50,
			dmax = 1000,
			ain = 360,
			aout = 360,
			atout = 0,
			rmix = 0,
		},
		userprops =
		{
			category = "Audio",
		}
	},

	{
		entity_name = "Z_dx_s033x_0401_Trent_10",
		type = SOUND,
		template_name = "dx_s033x_0401_Trent",
		lt_grp = 0, srt_grp = 0, usr_flg = 0,
		spatialprops =
		{
			pos = { 0, 0, 0 },
			orient = { { 1, 0, 0 }, { 0, 1, 0 }, { 0, 0, 1 } }
		},
		audioprops =
		{
			attenuation = -1,
			pan = 0,
			dmin = 50,
			dmax = 1000,
			ain = 360,
			aout = 360,
			atout = 0,
			rmix = 0,
		},
		userprops =
		{
			category = "Audio",
		}
	},

	{
		entity_name = "Z_dx_s033x_0501_dexter_11",
		type = SOUND,
		template_name = "dx_s033x_0501_dexter",
		lt_grp = 0, srt_grp = 0, usr_flg = 0,
		spatialprops =
		{
			pos = { 0, 0, 0 },
			orient = { { 1, 0, 0 }, { 0, 1, 0 }, { 0, 0, 1 } }
		},
		audioprops =
		{
			attenuation = -1,
			pan = 0,
			dmin = 50,
			dmax = 1000,
			ain = 360,
			aout = 360,
			atout = 0,
			rmix = 0,
		},
		userprops =
		{
			category = "Audio",
		}
	},

	{
		entity_name = "Z_dx_s033x_0502_dexter_12",
		type = SOUND,
		template_name = "dx_s033x_0502_dexter",
		lt_grp = 0, srt_grp = 0, usr_flg = 0,
		spatialprops =
		{
			pos = { 0, 0, 0 },
			orient = { { 1, 0, 0 }, { 0, 1, 0 }, { 0, 0, 1 } }
		},
		audioprops =
		{
			attenuation = -1,
			pan = 0,
			dmin = 50,
			dmax = 1000,
			ain = 360,
			aout = 360,
			atout = 0,
			rmix = 0,
		},
		userprops =
		{
			category = "Audio",
		}
	},

	{
		entity_name = "Z_dx_s033x_0503_dexter_13",
		type = SOUND,
		template_name = "dx_s033x_0503_dexter",
		lt_grp = 0, srt_grp = 0, usr_flg = 0,
		spatialprops =
		{
			pos = { 0, 0, 0 },
			orient = { { 1, 0, 0 }, { 0, 1, 0 }, { 0, 0, 1 } }
		},
		audioprops =
		{
			attenuation = -1,
			pan = 0,
			dmin = 50,
			dmax = 1000,
			ain = 360,
			aout = 360,
			atout = 0,
			rmix = 0,
		},
		userprops =
		{
			category = "Audio",
		}
	},

	{
		entity_name = "Z_dx_s033x_0601_Trent_14",
		type = SOUND,
		template_name = "dx_s033x_0601_Trent",
		lt_grp = 0, srt_grp = 0, usr_flg = 0,
		spatialprops =
		{
			pos = { 0, 0, 0 },
			orient = { { 1, 0, 0 }, { 0, 1, 0 }, { 0, 0, 1 } }
		},
		audioprops =
		{
			attenuation = -1,
			pan = 0,
			dmin = 50,
			dmax = 1000,
			ain = 360,
			aout = 360,
			atout = 0,
			rmix = 0,
		},
		userprops =
		{
			category = "Audio",
		}
	},

	{
		entity_name = "Z_dx_s033x_0701_dexter_15",
		type = SOUND,
		template_name = "dx_s033x_0701_dexter",
		lt_grp = 0, srt_grp = 0, usr_flg = 0,
		spatialprops =
		{
			pos = { 0, 0, 0 },
			orient = { { 1, 0, 0 }, { 0, 1, 0 }, { 0, 0, 1 } }
		},
		audioprops =
		{
			attenuation = -1,
			pan = 0,
			dmin = 50,
			dmax = 1000,
			ain = 360,
			aout = 360,
			atout = 0,
			rmix = 0,
		},
		userprops =
		{
			category = "Audio",
		}
	},

	{
		entity_name = "Z_dx_s033x_0801_dexter_16",
		type = SOUND,
		template_name = "dx_s033x_0801_dexter",
		lt_grp = 0, srt_grp = 0, usr_flg = 0,
		spatialprops =
		{
			pos = { 0, 0, 0 },
			orient = { { 1, 0, 0 }, { 0, 1, 0 }, { 0, 0, 1 } }
		},
		audioprops =
		{
			attenuation = -1,
			pan = 0,
			dmin = 50,
			dmax = 1000,
			ain = 360,
			aout = 360,
			atout = 0,
			rmix = 0,
		},
		userprops =
		{
			category = "Audio",
		}
	},

	{
		entity_name = "Char_Dexter",
		type = DEFORMABLE,
		template_name = "dexter",
		lt_grp = 0, srt_grp = 0, usr_flg = 0,
		flags = LIT_DYNAMIC,
		spatialprops =
		{
			pos = { 13.43678, 0, 0 },
			orient = { {  0.706309,  0.000000,  0.707904 },
					   {  0.000000,  1.000000,  0.000000 },
					   { -0.707904,  0.000000,  0.706309 } }
		},
		compoundprops =
		{
			floor_height = 0
		},
		userprops =
		{
			actor = "dexter",
			category = "Character",
		}
	},

	{
		entity_name = "Char_Trent",
		type = DEFORMABLE,
		template_name = "trent",
		lt_grp = 0, srt_grp = 0, usr_flg = 0,
		flags = LIT_DYNAMIC,
		spatialprops =
		{
			pos = { 14.29237, 0, 0 },
			orient = { {  0.868485,  0.000000, -0.495715 },
					   {  0.000000,  1.000000,  0.000000 },
					   {  0.495715,  0.000000,  0.868485 } }
		},
		compoundprops =
		{
			floor_height = 0
		},
		userprops =
		{
			actor = "player",
			category = "Character",
		}
	},

	{
		entity_name = "Cam_01_Wide_A",
		type = CAMERA,
		template_name = "",
		lt_grp = 0, srt_grp = 0, usr_flg = 0,
		flags = HIDDEN,
		spatialprops =
		{
			pos = { 18.51879, 7.746225, 23.15898 },
			orient = { {  0.964600,  0.000000, -0.263716 },
					   { -0.080566,  0.952192, -0.294687 },
					   {  0.251108,  0.305501,  0.918484 } }
		},
		cameraprops =
		{
			fovh = 30,
			hvaspect = 1.85,
			nearplane = 0.4,
			farplane = 4000
		}
	},

	{
		entity_name = "Cam_Monitor_s033x",
		type = MONITOR,
		template_name = "",
		lt_grp = 0, srt_grp = 0, usr_flg = 0,
		userprops =
		{
			Priority = "Monitor_Moving_1",
		}
	},

	{
		entity_name = "Z_dx_s033x_0304_dexter_1",
		type = SOUND,
		template_name = "dx_s033x_0304_dexter",
		lt_grp = 0, srt_grp = 0, usr_flg = 0,
		spatialprops =
		{
			pos = { 0, 0, 0 },
			orient = { { 1, 0, 0 }, { 0, 1, 0 }, { 0, 0, 1 } }
		},
		audioprops =
		{
			attenuation = -1,
			pan = 0,
			dmin = 50,
			dmax = 1000,
			ain = 360,
			aout = 360,
			atout = 0,
			rmix = 0,
		},
		userprops =
		{
			category = "Audio",
		}
	},

	{
		entity_name = "Prop_PlayerShip",
		type = COMPOUND,
		template_name = "PlayerShip",
		lt_grp = 3, srt_grp = 0, usr_flg = 0,
		flags = LIT_DYNAMIC,
		spatialprops =
		{
			pos = { -0.483826, 2.976355, 0.741277 },
			orient = { { -0.350950,  0.000000,  0.936394 },
					   {  0.000000,  1.000000,  0.000000 },
					   { -0.936394,  0.000000, -0.350950 } }
		},
		userprops =
		{
			category = "Spaceship",
		}
	},

	{
		entity_name = "Char_D_Mrk_loc_01_start",
		type = MARKER,
		template_name = "",
		lt_grp = 0, srt_grp = 0, usr_flg = 0,
		spatialprops =
		{
			pos = { 20.8953, 0, 8.35361 },
			orient = { { -0.137429,  0.000000, -0.990512 },
					   {  0.000000,  1.000000,  0.000000 },
					   {  0.990512,  0.000000, -0.137429 } }
		}
	},

	{
		entity_name = "Char_T_Mrk_loc_01_start",
		type = MARKER,
		template_name = "",
		lt_grp = 0, srt_grp = 0, usr_flg = 0,
		spatialprops =
		{
			pos = { 12.33221, 0, 6.683553 },
			orient = { { -0.502298,  0.000000,  0.864695 },
					   {  0.000000,  1.000000,  0.000000 },
					   { -0.864695,  0.000000, -0.502298 } }
		}
	},

	{
		entity_name = "Char_D_Mrk_ort_01",
		type = MARKER,
		template_name = "",
		lt_grp = 0, srt_grp = 0, usr_flg = 0,
		spatialprops =
		{
			pos = { 16.33149, 0.972928, 8.948369 },
			orient = { { -0.553646,  0.000000, -0.832752 },
					   {  0.000000,  1.000000,  0.000000 },
					   {  0.832752,  0.000000, -0.553646 } }
		}
	},

	{
		entity_name = "Char_D_Mrk_ort_02",
		type = MARKER,
		template_name = "",
		lt_grp = 0, srt_grp = 0, usr_flg = 0,
		spatialprops =
		{
			pos = { 16.33149, 0.972928, 8.948369 },
			orient = { { -0.673736,  0.000000, -0.738972 },
					   {  0.000000,  1.000000,  0.000000 },
					   {  0.738972,  0.000000, -0.673736 } }
		}
	},

	{
		entity_name = "Char_T_Mrk_ort_01",
		type = MARKER,
		template_name = "",
		lt_grp = 0, srt_grp = 0, usr_flg = 0,
		spatialprops =
		{
			pos = { 14.63772, 0.93125, 9.503821 },
			orient = { { -0.658728,  0.000000, -0.752381 },
					   {  0.000000,  1.000000,  0.000000 },
					   {  0.752381,  0.000000, -0.658728 } }
		}
	},

	{
		entity_name = "Char_D_Mrk_IKeyes",
		type = MARKER,
		template_name = "",
		lt_grp = 0, srt_grp = 0, usr_flg = 0,
		spatialprops =
		{
			pos = { 20.8953, 0, 8.35361 },
			orient = { { -0.137429,  0.000000, -0.990512 },
					   {  0.000000,  1.000000,  0.000000 },
					   {  0.990512,  0.000000, -0.137429 } }
		}
	},

	{
		entity_name = "Char_D_Mrk_IKeyes_Fwd",
		type = MARKER,
		template_name = "",
		lt_grp = 0, srt_grp = 0, usr_flg = 0,
		spatialprops =
		{
			pos = { 20.8953, 0, 8.35361 },
			orient = { { -0.137429,  0.000000, -0.990512 },
					   {  0.000000,  1.000000,  0.000000 },
					   {  0.990512,  0.000000, -0.137429 } }
		}
	},

	{
		entity_name = "Char_D_Mrk_IKeyes_Left",
		type = MARKER,
		template_name = "",
		lt_grp = 0, srt_grp = 0, usr_flg = 0,
		spatialprops =
		{
			pos = { 20.8953, 0, 8.35361 },
			orient = { { -0.137429,  0.000000, -0.990512 },
					   {  0.000000,  1.000000,  0.000000 },
					   {  0.990512,  0.000000, -0.137429 } }
		}
	},

	{
		entity_name = "Char_D_Mrk_IKeyes_Right",
		type = MARKER,
		template_name = "",
		lt_grp = 0, srt_grp = 0, usr_flg = 0,
		spatialprops =
		{
			pos = { 20.8953, 0, 8.35361 },
			orient = { { -0.137429,  0.000000, -0.990512 },
					   {  0.000000,  1.000000,  0.000000 },
					   {  0.990512,  0.000000, -0.137429 } }
		}
	},

	{
		entity_name = "Char_T_Mrk_IKeyes",
		type = MARKER,
		template_name = "",
		lt_grp = 0, srt_grp = 0, usr_flg = 0,
		spatialprops =
		{
			pos = { 20.8953, 0, 8.35361 },
			orient = { { -0.137429,  0.000000, -0.990512 },
					   {  0.000000,  1.000000,  0.000000 },
					   {  0.990512,  0.000000, -0.137429 } }
		}
	},

	{
		entity_name = "Char_T_Mrk_IKeyes_Fwd",
		type = MARKER,
		template_name = "",
		lt_grp = 0, srt_grp = 0, usr_flg = 0,
		spatialprops =
		{
			pos = { 20.8953, 0, 8.35361 },
			orient = { { -0.137429,  0.000000, -0.990512 },
					   {  0.000000,  1.000000,  0.000000 },
					   {  0.990512,  0.000000, -0.137429 } }
		}
	},

	{
		entity_name = "Char_T_Mrk_IKeyes_Right",
		type = MARKER,
		template_name = "",
		lt_grp = 0, srt_grp = 0, usr_flg = 0,
		spatialprops =
		{
			pos = { 20.8953, 0, 8.35361 },
			orient = { { -0.137429,  0.000000, -0.990512 },
					   {  0.000000,  1.000000,  0.000000 },
					   {  0.990512,  0.000000, -0.137429 } }
		}
	},

	{
		entity_name = "Char_T_Mrk_IKeyes_Left",
		type = MARKER,
		template_name = "",
		lt_grp = 0, srt_grp = 0, usr_flg = 0,
		spatialprops =
		{
			pos = { 20.8953, 0, 8.35361 },
			orient = { { -0.137429,  0.000000, -0.990512 },
					   {  0.000000,  1.000000,  0.000000 },
					   {  0.990512,  0.000000, -0.137429 } }
		}
	},

	{
		entity_name = "Char_T_Mrk_IKhead_nodup",
		type = MARKER,
		template_name = "",
		lt_grp = 0, srt_grp = 0, usr_flg = 0,
		spatialprops =
		{
			pos = { 10.12844, 1.535816, 5.930393 },
			orient = { {  0.999712,  0.000000,  0.024004 },
					   {  0.000000,  1.000000,  0.000000 },
					   { -0.024004,  0.000000,  0.999712 } }
		}
	},

	{
		entity_name = "Char_T_Mrk_IKhead_noddown",
		type = MARKER,
		template_name = "",
		lt_grp = 0, srt_grp = 0, usr_flg = 0,
		spatialprops =
		{
			pos = { 10.12844, 1.535816, 5.930393 },
			orient = { {  0.999712,  0.000000,  0.024004 },
					   {  0.000000,  1.000000,  0.000000 },
					   { -0.024004,  0.000000,  0.999712 } }
		}
	},

	{
		entity_name = "Char_T_Mrk_IKhead_fwd",
		type = MARKER,
		template_name = "",
		lt_grp = 0, srt_grp = 0, usr_flg = 0,
		spatialprops =
		{
			pos = { 10.12844, 1.535816, 5.930393 },
			orient = { {  0.999712,  0.000000,  0.024004 },
					   {  0.000000,  1.000000,  0.000000 },
					   { -0.024004,  0.000000,  0.999712 } }
		}
	},

	{
		entity_name = "Cam_01_Wide_B",
		type = CAMERA,
		template_name = "",
		lt_grp = 0, srt_grp = 0, usr_flg = 0,
		flags = HIDDEN,
		spatialprops =
		{
			pos = { 16.57223, 3.506464, 15.29114 },
			orient = { {  0.942999,  0.000000, -0.332796 },
					   { -0.103535,  0.950375, -0.293373 },
					   {  0.316281,  0.311106,  0.896203 } }
		},
		cameraprops =
		{
			fovh = 30,
			hvaspect = 1.85,
			nearplane = 0.4,
			farplane = 4000
		}
	},

	{
		entity_name = "Cam_02_AC2_A",
		type = CAMERA,
		template_name = "",
		lt_grp = 0, srt_grp = 0, usr_flg = 0,
		flags = HIDDEN,
		spatialprops =
		{
			pos = { 13.97223, 1.742045, 10.08045 },
			orient = { {  0.636776,  0.000000,  0.771049 },
					   {  0.147103,  0.981632, -0.121485 },
					   { -0.756887,  0.190782,  0.625080 } }
		},
		cameraprops =
		{
			fovh = 25,
			hvaspect = 1.85,
			nearplane = 0.4,
			farplane = 4000
		}
	},

	{
		entity_name = "Cam_02_AC2_B",
		type = CAMERA,
		template_name = "",
		lt_grp = 0, srt_grp = 0, usr_flg = 0,
		flags = HIDDEN,
		spatialprops =
		{
			pos = { 9.973396, 1.822072, 14.09394 },
			orient = { {  0.638414,  0.000000,  0.769693 },
					   {  0.179400,  0.972458, -0.148801 },
					   { -0.748494,  0.233079,  0.620831 } }
		},
		cameraprops =
		{
			fovh = 25,
			hvaspect = 1.85,
			nearplane = 0.4,
			farplane = 4000
		}
	},

	{
		entity_name = "Cam_03_ACO",
		type = CAMERA,
		template_name = "",
		lt_grp = 0, srt_grp = 0, usr_flg = 0,
		flags = HIDDEN,
		spatialprops =
		{
			pos = { 10.76538, 1.744941, 11.84356 },
			orient = { { -0.333187,  0.000000,  0.942861 },
					   {  0.152293,  0.986869,  0.053817 },
					   { -0.930480,  0.161522, -0.328812 } }
		},
		cameraprops =
		{
			fovh = 25,
			hvaspect = 1.85,
			nearplane = 0.4,
			farplane = 4000
		}
	},

	{
		entity_name = "Cam_04_PCO",
		type = CAMERA,
		template_name = "",
		lt_grp = 0, srt_grp = 0, usr_flg = 0,
		flags = HIDDEN,
		spatialprops =
		{
			pos = { 11.85782, 1.768624, 13.26607 },
			orient = { {  0.999919,  0.000000, -0.012749 },
					   { -0.002405,  0.982039, -0.188662 },
					   {  0.012520,  0.188678,  0.981959 } }
		},
		cameraprops =
		{
			fovh = 25,
			hvaspect = 1.85,
			nearplane = 0.4,
			farplane = 4000
		}
	},

	{
		entity_name = "Cam_05_AC2",
		type = CAMERA,
		template_name = "",
		lt_grp = 0, srt_grp = 0, usr_flg = 0,
		flags = HIDDEN,
		spatialprops =
		{
			pos = { 9.946104, 1.842317, 13.28424 },
			orient = { {  0.559221,  0.000000,  0.829019 },
					   {  0.191785,  0.972873, -0.129370 },
					   { -0.806530,  0.231339,  0.544051 } }
		},
		cameraprops =
		{
			fovh = 25,
			hvaspect = 1.85,
			nearplane = 0.4,
			farplane = 4000
		}
	},

	{
		entity_name = "Cam_06_ACO",
		type = CAMERA,
		template_name = "",
		lt_grp = 0, srt_grp = 0, usr_flg = 0,
		flags = HIDDEN,
		spatialprops =
		{
			pos = { 10.78224, 1.737703, 11.85546 },
			orient = { { -0.378647,  0.000000,  0.925541 },
					   {  0.153507,  0.986150,  0.062801 },
					   { -0.912722,  0.165856, -0.373403 } }
		},
		cameraprops =
		{
			fovh = 25,
			hvaspect = 1.85,
			nearplane = 0.4,
			farplane = 4000
		}
	},

	{
		entity_name = "Cam_07_ACS",
		type = CAMERA,
		template_name = "",
		lt_grp = 0, srt_grp = 0, usr_flg = 0,
		flags = HIDDEN,
		spatialprops =
		{
			pos = { 8.385064, 2.800953, 15.92697 },
			orient = { {  0.593043,  0.000000,  0.805171 },
					   {  0.306220,  0.924856, -0.225544 },
					   { -0.744667,  0.380317,  0.548479 } }
		},
		cameraprops =
		{
			fovh = 25,
			hvaspect = 1.85,
			nearplane = 0.4,
			farplane = 4000
		}
	},

	{
		entity_name = "Cam_08_PC2_A",
		type = CAMERA,
		template_name = "",
		lt_grp = 0, srt_grp = 0, usr_flg = 0,
		flags = HIDDEN,
		spatialprops =
		{
			pos = { 10.9231, 1.714489, 10.70933 },
			orient = { { -0.784142,  0.000000,  0.620581 },
					   {  0.148784,  0.970835,  0.187997 },
					   { -0.602482,  0.239749, -0.761273 } }
		},
		cameraprops =
		{
			fovh = 35,
			hvaspect = 1.85,
			nearplane = 0.2,
			farplane = 4000
		}
	},

	{
		entity_name = "Cam_08_PC2_B",
		type = CAMERA,
		template_name = "",
		lt_grp = 0, srt_grp = 0, usr_flg = 0,
		flags = HIDDEN,
		spatialprops =
		{
			pos = { 10.23071, 1.668872, 5.568057 },
			orient = { { -0.836885,  0.000000,  0.547379 },
					   {  0.098741,  0.983595,  0.150965 },
					   { -0.538400,  0.180389, -0.823156 } }
		},
		cameraprops =
		{
			fovh = 35,
			hvaspect = 1.85,
			nearplane = 0.4,
			farplane = 4000
		}
	},

	{
		entity_name = "Char_D_Mrk_ort_03",
		type = MARKER,
		template_name = "",
		lt_grp = 0, srt_grp = 0, usr_flg = 0,
		spatialprops =
		{
			pos = { 12.22106, 0.953207, 12.94795 },
			orient = { { -0.866276,  0.000000,  0.499565 },
					   {  0.000000,  1.000000,  0.000000 },
					   { -0.499565,  0.000000, -0.866276 } }
		}
	},

	{
		entity_name = "Char_D_Mrk_ort_04",
		type = MARKER,
		template_name = "",
		lt_grp = 0, srt_grp = 0, usr_flg = 0,
		spatialprops =
		{
			pos = { 12.22106, 0.953207, 12.94795 },
			orient = { { -0.987976,  0.000000,  0.154606 },
					   {  0.000000,  1.000000,  0.000000 },
					   { -0.154606,  0.000000, -0.987976 } }
		}
	},

	{
		entity_name = "Char_T_Mrk_IKhead",
		type = MARKER,
		template_name = "",
		lt_grp = 0, srt_grp = 0, usr_flg = 0,
		spatialprops =
		{
			pos = { 10.12844, 1.535816, 5.930393 },
			orient = { {  0.999712,  0.000000,  0.024004 },
					   {  0.000000,  1.000000,  0.000000 },
					   { -0.024004,  0.000000,  0.999712 } }
		}
	},

	{
		entity_name = "Char_T_Mrk_IKhead_Right",
		type = MARKER,
		template_name = "",
		lt_grp = 0, srt_grp = 0, usr_flg = 0,
		spatialprops =
		{
			pos = { 10.12844, 1.535816, 5.930393 },
			orient = { {  0.999712,  0.000000,  0.024004 },
					   {  0.000000,  1.000000,  0.000000 },
					   { -0.024004,  0.000000,  0.999712 } }
		}
	},

	{
		entity_name = "Char_D_Mrk_IKhead_Right",
		type = MARKER,
		template_name = "",
		lt_grp = 0, srt_grp = 0, usr_flg = 0,
		spatialprops =
		{
			pos = { 10.12844, 1.535816, 5.930393 },
			orient = { {  0.999712,  0.000000,  0.024004 },
					   {  0.000000,  1.000000,  0.000000 },
					   { -0.024004,  0.000000,  0.999712 } }
		}
	},

	{
		entity_name = "Char_D_Mrk_IKhead",
		type = MARKER,
		template_name = "",
		lt_grp = 0, srt_grp = 0, usr_flg = 0,
		spatialprops =
		{
			pos = { 10.12844, 1.535816, 5.930393 },
			orient = { {  0.999712,  0.000000,  0.024004 },
					   {  0.000000,  1.000000,  0.000000 },
					   { -0.024004,  0.000000,  0.999712 } }
		}
	},

	{
		entity_name = "Char_D_Mrk_IKeyes_fwd_walk",
		type = MARKER,
		template_name = "",
		lt_grp = 0, srt_grp = 0, usr_flg = 0,
		spatialprops =
		{
			pos = { 11.96264, 1.528551, 13.62818 },
			orient = { { -0.137429,  0.000000, -0.990512 },
					   {  0.000000,  1.000000,  0.000000 },
					   {  0.990512,  0.000000, -0.137429 } }
		}
	},

	{
		entity_name = "Char_T_Mrk_IKeyes_Fwd_walk",
		type = MARKER,
		template_name = "",
		lt_grp = 0, srt_grp = 0, usr_flg = 0,
		spatialprops =
		{
			pos = { 10.2087, 1.749302, 2.617463 },
			orient = { { -0.137429,  0.000000, -0.990512 },
					   {  0.000000,  1.000000,  0.000000 },
					   {  0.990512,  0.000000, -0.137429 } }
		}
	},

	{
		entity_name = "Char_D_Mrk_loc_02_Qhere?",
		type = MARKER,
		template_name = "",
		lt_grp = 0, srt_grp = 0, usr_flg = 0,
		spatialprops =
		{
			pos = { 16.33312, 0.972869, 8.947526 },
			orient = { { -0.147877,  0.000000, -0.989006 },
					   {  0.000000,  1.000000,  0.000000 },
					   {  0.989006,  0.000000, -0.147877 } }
		}
	},

	{
		entity_name = "Char_D_Mrk_loc_03_Glorious",
		type = MARKER,
		template_name = "",
		lt_grp = 0, srt_grp = 0, usr_flg = 0,
		spatialprops =
		{
			pos = { 12.06398, 0.972927, 12.79962 },
			orient = { { -0.704615,  0.000000, -0.709590 },
					   {  0.000000,  1.000000,  0.000000 },
					   {  0.709590,  0.000000, -0.704615 } }
		}
	},

	{
		entity_name = "Char_D_Mrk_loc_04_Pirates",
		type = MARKER,
		template_name = "",
		lt_grp = 0, srt_grp = 0, usr_flg = 0,
		spatialprops =
		{
			pos = { 12.09694, 0.972929, 12.65998 },
			orient = { {  0.709588,  0.000000, -0.704617 },
					   {  0.000000,  1.000000,  0.000000 },
					   {  0.704617,  0.000000,  0.709588 } }
		}
	},

	{
		entity_name = "Char_D_Mrk_loc_05_HeyBretonian",
		type = MARKER,
		template_name = "",
		lt_grp = 0, srt_grp = 0, usr_flg = 0,
		spatialprops =
		{
			pos = { 12.65566, 0.972814, 14.92192 },
			orient = { { -0.980292,  0.000000,  0.197552 },
					   {  0.000000,  1.000000,  0.000000 },
					   { -0.197552,  0.000000, -0.980292 } }
		}
	},

	{
		entity_name = "Char_T_Mrk_loc_02_Qhere?",
		type = MARKER,
		template_name = "",
		lt_grp = 0, srt_grp = 0, usr_flg = 0,
		spatialprops =
		{
			pos = { 15.0818, 0.972885, 8.309331 },
			orient = { { -0.493007,  0.000000,  0.870025 },
					   {  0.000000,  1.000000,  0.000000 },
					   { -0.870025,  0.000000, -0.493007 } }
		}
	},

	{
		entity_name = "Char_T_Mrk_loc_03_Pirates",
		type = MARKER,
		template_name = "",
		lt_grp = 0, srt_grp = 0, usr_flg = 0,
		spatialprops =
		{
			pos = { 11.49934, 0.972859, 11.83913 },
			orient = { { -0.988419,  0.000000,  0.151748 },
					   {  0.000000,  1.000000,  0.000000 },
					   { -0.151748,  0.000000, -0.988419 } }
		}
	},

	{
		entity_name = "Char_D_Mrk_IKhead_Left",
		type = MARKER,
		template_name = "",
		lt_grp = 0, srt_grp = 0, usr_flg = 0,
		spatialprops =
		{
			pos = { 13.56619, 1.73252, 15.28237 },
			orient = { {  0.999712,  0.000000,  0.024004 },
					   {  0.000000,  1.000000,  0.000000 },
					   { -0.024004,  0.000000,  0.999712 } }
		}
	},

	{
		entity_name = "Char_D_Mrk_IKhead_Fwd",
		type = MARKER,
		template_name = "",
		lt_grp = 0, srt_grp = 0, usr_flg = 0,
		spatialprops =
		{
			pos = { 12.83789, 1.694252, 15.84819 },
			orient = { {  0.999712,  0.000000,  0.024004 },
					   {  0.000000,  1.000000,  0.000000 },
					   { -0.024004,  0.000000,  0.999712 } }
		}
	},

	{
		entity_name = "Char_T_Mrk_ort_02",
		type = MARKER,
		template_name = "",
		lt_grp = 0, srt_grp = 0, usr_flg = 0,
		spatialprops =
		{
			pos = { 11.6884, 0.968328, 11.97201 },
			orient = { { -0.796184,  0.000000, -0.605054 },
					   {  0.000000,  1.000000,  0.000000 },
					   {  0.605054,  0.000000, -0.796184 } }
		}
	},

	{
		entity_name = "Char_D_Mrk_loc_05_A_fix",
		type = MARKER,
		template_name = "",
		lt_grp = 0, srt_grp = 0, usr_flg = 0,
		spatialprops =
		{
			pos = { 12.71789, 0.941034, 14.14097 },
			orient = { { -0.991071,  0.000000,  0.133333 },
					   {  0.000000,  1.000000,  0.000000 },
					   { -0.133333,  0.000000, -0.991071 } }
		}
	},

	{
		entity_name = "Char_D_Mrk_loc_05_A_fix_end",
		type = MARKER,
		template_name = "",
		lt_grp = 0, srt_grp = 0, usr_flg = 0,
		spatialprops =
		{
			pos = { 12.81545, 0.971301, 14.71369 },
			orient = { { -0.995147,  0.000000,  0.098398 },
					   {  0.000000,  1.000000,  0.000000 },
					   { -0.098398,  0.000000, -0.995147 } }
		}
	},

	{
		entity_name = "Z_Char_Trent_fs_ml_steel01_8",
		type = SOUND,
		template_name = "fs_ml_steel01",
		lt_grp = 0, srt_grp = 0, usr_flg = 0,
		spatialprops =
		{
			pos = { 0, 0, 0 },
			orient = { { 1, 0, 0 }, { 0, 1, 0 }, { 0, 0, 1 } }
		},
		audioprops =
		{
			attenuation = -30,
			pan = -5,
			dmin = 50,
			dmax = 300,
			ain = 360,
			aout = 360,
			atout = 0,
			rmix = 0,
		},
		userprops =
		{
			category = "Audio",
			Priority = "Steps_4",
		}
	},

	{
		entity_name = "Z_Char_Dexter_fs_ml_steel02_9",
		type = SOUND,
		template_name = "fs_ml_steel02",
		lt_grp = 0, srt_grp = 0, usr_flg = 0,
		spatialprops =
		{
			pos = { 0, 0, 0 },
			orient = { { 1, 0, 0 }, { 0, 1, 0 }, { 0, 0, 1 } }
		},
		audioprops =
		{
			attenuation = -30,
			pan = 25,
			dmin = 50,
			dmax = 300,
			ain = 360,
			aout = 360,
			atout = 0,
			rmix = 0,
		},
		userprops =
		{
			category = "Audio",
			Priority = "Steps_4",
		}
	},

	{
		entity_name = "Z_Char_Trent_fs_mr_steel03_10",
		type = SOUND,
		template_name = "fs_mr_steel03",
		lt_grp = 0, srt_grp = 0, usr_flg = 0,
		spatialprops =
		{
			pos = { 0, 0, 0 },
			orient = { { 1, 0, 0 }, { 0, 1, 0 }, { 0, 0, 1 } }
		},
		audioprops =
		{
			attenuation = -30,
			pan = 0,
			dmin = 50,
			dmax = 300,
			ain = 360,
			aout = 360,
			atout = 0,
			rmix = 0,
		},
		userprops =
		{
			category = "Audio",
			Priority = "Steps_4",
		}
	},

	{
		entity_name = "Z_Char_Dexter_fs_mr_steel04_11",
		type = SOUND,
		template_name = "fs_mr_steel04",
		lt_grp = 0, srt_grp = 0, usr_flg = 0,
		spatialprops =
		{
			pos = { 0, 0, 0 },
			orient = { { 1, 0, 0 }, { 0, 1, 0 }, { 0, 0, 1 } }
		},
		audioprops =
		{
			attenuation = -30,
			pan = -20,
			dmin = 50,
			dmax = 300,
			ain = 360,
			aout = 360,
			atout = 0,
			rmix = 0,
		},
		userprops =
		{
			category = "Audio",
			Priority = "Steps_4",
		}
	},

	{
		entity_name = "Z_Char_Trent_fs_ml_steel02_12",
		type = SOUND,
		template_name = "fs_ml_steel02",
		lt_grp = 0, srt_grp = 0, usr_flg = 0,
		spatialprops =
		{
			pos = { 0, 0, 0 },
			orient = { { 1, 0, 0 }, { 0, 1, 0 }, { 0, 0, 1 } }
		},
		audioprops =
		{
			attenuation = -28,
			pan = 0,
			dmin = 50,
			dmax = 300,
			ain = 360,
			aout = 360,
			atout = 0,
			rmix = 0,
		},
		userprops =
		{
			category = "Audio",
			Priority = "Steps_4",
		}
	},

	{
		entity_name = "Z_Char_Dexter_fs_ml_steel04_13",
		type = SOUND,
		template_name = "fs_ml_steel04",
		lt_grp = 0, srt_grp = 0, usr_flg = 0,
		spatialprops =
		{
			pos = { 0, 0, 0 },
			orient = { { 1, 0, 0 }, { 0, 1, 0 }, { 0, 0, 1 } }
		},
		audioprops =
		{
			attenuation = -28,
			pan = 17,
			dmin = 50,
			dmax = 300,
			ain = 360,
			aout = 360,
			atout = 0,
			rmix = 0,
		},
		userprops =
		{
			category = "Audio",
			Priority = "Steps_4",
		}
	},

	{
		entity_name = "Z_Char_Trent_fs_mr_steel04_14",
		type = SOUND,
		template_name = "fs_mr_steel04",
		lt_grp = 0, srt_grp = 0, usr_flg = 0,
		spatialprops =
		{
			pos = { 0, 0, 0 },
			orient = { { 1, 0, 0 }, { 0, 1, 0 }, { 0, 0, 1 } }
		},
		audioprops =
		{
			attenuation = -27,
			pan = 3,
			dmin = 50,
			dmax = 300,
			ain = 360,
			aout = 360,
			atout = 0,
			rmix = 0,
		},
		userprops =
		{
			category = "Audio",
			Priority = "Steps_4",
		}
	},

	{
		entity_name = "Z_Char_Dexter_fs_mr_steel02_15",
		type = SOUND,
		template_name = "fs_mr_steel02",
		lt_grp = 0, srt_grp = 0, usr_flg = 0,
		spatialprops =
		{
			pos = { 0, 0, 0 },
			orient = { { 1, 0, 0 }, { 0, 1, 0 }, { 0, 0, 1 } }
		},
		audioprops =
		{
			attenuation = -26,
			pan = 17,
			dmin = 50,
			dmax = 300,
			ain = 360,
			aout = 360,
			atout = 0,
			rmix = 0,
		},
		userprops =
		{
			category = "Audio",
			Priority = "Steps_4",
		}
	},

	{
		entity_name = "Z_Char_Trent_fs_ml_steel03_16",
		type = SOUND,
		template_name = "fs_ml_steel03",
		lt_grp = 0, srt_grp = 0, usr_flg = 0,
		spatialprops =
		{
			pos = { 0, 0, 0 },
			orient = { { 1, 0, 0 }, { 0, 1, 0 }, { 0, 0, 1 } }
		},
		audioprops =
		{
			attenuation = -26,
			pan = 4,
			dmin = 50,
			dmax = 300,
			ain = 360,
			aout = 360,
			atout = 0,
			rmix = 0,
		},
		userprops =
		{
			category = "Audio",
			Priority = "Steps_4",
		}
	},

	{
		entity_name = "Z_Char_Dexter_fs_ml_steel01_17",
		type = SOUND,
		template_name = "fs_ml_steel01",
		lt_grp = 0, srt_grp = 0, usr_flg = 0,
		spatialprops =
		{
			pos = { 0, 0, 0 },
			orient = { { 1, 0, 0 }, { 0, 1, 0 }, { 0, 0, 1 } }
		},
		audioprops =
		{
			attenuation = -25,
			pan = 15,
			dmin = 50,
			dmax = 300,
			ain = 360,
			aout = 360,
			atout = 0,
			rmix = 0,
		},
		userprops =
		{
			category = "Audio",
			Priority = "Steps_4",
		}
	},

	{
		entity_name = "Z_Char_Trent_sfx_fstop_steel_male02_18",
		type = SOUND,
		template_name = "sfx_fstop_steel_male02",
		lt_grp = 0, srt_grp = 0, usr_flg = 0,
		spatialprops =
		{
			pos = { 0, 0, 0 },
			orient = { { 1, 0, 0 }, { 0, 1, 0 }, { 0, 0, 1 } }
		},
		audioprops =
		{
			attenuation = -24,
			pan = 7,
			dmin = 50,
			dmax = 300,
			ain = 360,
			aout = 360,
			atout = 0,
			rmix = 0,
		},
		userprops =
		{
			category = "Audio",
			Priority = "Steps_4",
		}
	},

	{
		entity_name = "Z_Char_Dexter_fs_mr_steel01_19",
		type = SOUND,
		template_name = "fs_mr_steel01",
		lt_grp = 0, srt_grp = 0, usr_flg = 0,
		spatialprops =
		{
			pos = { 0, 0, 0 },
			orient = { { 1, 0, 0 }, { 0, 1, 0 }, { 0, 0, 1 } }
		},
		audioprops =
		{
			attenuation = -24,
			pan = 12,
			dmin = 50,
			dmax = 300,
			ain = 360,
			aout = 360,
			atout = 0,
			rmix = 0,
		},
		userprops =
		{
			category = "Audio",
			Priority = "Steps_4",
		}
	},

	{
		entity_name = "Z_Char_Dexter_fs_ml_steel03_20",
		type = SOUND,
		template_name = "fs_ml_steel03",
		lt_grp = 0, srt_grp = 0, usr_flg = 0,
		spatialprops =
		{
			pos = { 0, 0, 0 },
			orient = { { 1, 0, 0 }, { 0, 1, 0 }, { 0, 0, 1 } }
		},
		audioprops =
		{
			attenuation = -23,
			pan = 11,
			dmin = 50,
			dmax = 300,
			ain = 360,
			aout = 360,
			atout = 0,
			rmix = 0,
		},
		userprops =
		{
			category = "Audio",
			Priority = "Steps_4",
		}
	},

	{
		entity_name = "Z_Char_Dexter_sfx_fstop_steel_male01_21",
		type = SOUND,
		template_name = "sfx_fstop_steel_male01",
		lt_grp = 0, srt_grp = 0, usr_flg = 0,
		spatialprops =
		{
			pos = { 0, 0, 0 },
			orient = { { 1, 0, 0 }, { 0, 1, 0 }, { 0, 0, 1 } }
		},
		audioprops =
		{
			attenuation = -20,
			pan = 11,
			dmin = 50,
			dmax = 300,
			ain = 360,
			aout = 360,
			atout = 0,
			rmix = 0,
		},
		userprops =
		{
			category = "Audio",
			Priority = "Steps_4",
		}
	},

	{
		entity_name = "Z_Char_Dexter_sfx_fturn_male03_22",
		type = SOUND,
		template_name = "sfx_fturn_male03",
		lt_grp = 0, srt_grp = 0, usr_flg = 0,
		spatialprops =
		{
			pos = { 0, 0, 0 },
			orient = { { 1, 0, 0 }, { 0, 1, 0 }, { 0, 0, 1 } }
		},
		audioprops =
		{
			attenuation = -20,
			pan = 15,
			dmin = 50,
			dmax = 300,
			ain = 360,
			aout = 360,
			atout = 0,
			rmix = 0,
		},
		userprops =
		{
			category = "Audio",
			Priority = "Steps_4",
		}
	},

	{
		entity_name = "Z_Char_Dexter_fs_mr_steel03_23",
		type = SOUND,
		template_name = "fs_mr_steel03",
		lt_grp = 0, srt_grp = 0, usr_flg = 0,
		spatialprops =
		{
			pos = { 0, 0, 0 },
			orient = { { 1, 0, 0 }, { 0, 1, 0 }, { 0, 0, 1 } }
		},
		audioprops =
		{
			attenuation = -22,
			pan = 13,
			dmin = 50,
			dmax = 300,
			ain = 360,
			aout = 360,
			atout = 0,
			rmix = 0,
		},
		userprops =
		{
			category = "Audio",
			Priority = "Steps_4",
		}
	},

	{
		entity_name = "Z_Char_Dexter_sfx_fstop_steel_male02_24",
		type = SOUND,
		template_name = "sfx_fstop_steel_male02",
		lt_grp = 0, srt_grp = 0, usr_flg = 0,
		spatialprops =
		{
			pos = { 0, 0, 0 },
			orient = { { 1, 0, 0 }, { 0, 1, 0 }, { 0, 0, 1 } }
		},
		audioprops =
		{
			attenuation = -22,
			pan = 12,
			dmin = 50,
			dmax = 300,
			ain = 360,
			aout = 360,
			atout = 0,
			rmix = 0,
		},
		userprops =
		{
			category = "Audio",
			Priority = "Steps_4",
		}
	},

	{
		entity_name = "Z_Char_Dexter_sfx_fturn_male02_25",
		type = SOUND,
		template_name = "sfx_fturn_male02",
		lt_grp = 0, srt_grp = 0, usr_flg = 0,
		spatialprops =
		{
			pos = { 0, 0, 0 },
			orient = { { 1, 0, 0 }, { 0, 1, 0 }, { 0, 0, 1 } }
		},
		audioprops =
		{
			attenuation = -15,
			pan = 10,
			dmin = 50,
			dmax = 300,
			ain = 360,
			aout = 360,
			atout = 0,
			rmix = 0,
		},
		userprops =
		{
			category = "Audio",
			Priority = "Steps_4",
		}
	},

	{
		entity_name = "Z_Char_Trent_sfx_fturn_male02_26",
		type = SOUND,
		template_name = "sfx_fturn_male02",
		lt_grp = 0, srt_grp = 0, usr_flg = 0,
		spatialprops =
		{
			pos = { 0, 0, 0 },
			orient = { { 1, 0, 0 }, { 0, 1, 0 }, { 0, 0, 1 } }
		},
		audioprops =
		{
			attenuation = -17,
			pan = -23,
			dmin = 50,
			dmax = 300,
			ain = 360,
			aout = 360,
			atout = 0,
			rmix = 0,
		},
		userprops =
		{
			category = "Audio",
			Priority = "Steps_4",
		}
	},

	{
		entity_name = "Z_Char_Trent_fs_mr_steel02_27",
		type = SOUND,
		template_name = "fs_mr_steel02",
		lt_grp = 0, srt_grp = 0, usr_flg = 0,
		spatialprops =
		{
			pos = { 0, 0, 0 },
			orient = { { 1, 0, 0 }, { 0, 1, 0 }, { 0, 0, 1 } }
		},
		audioprops =
		{
			attenuation = -25,
			pan = -20,
			dmin = 50,
			dmax = 300,
			ain = 360,
			aout = 360,
			atout = 0,
			rmix = 0,
		},
		userprops =
		{
			category = "Audio",
			Priority = "Steps_4",
		}
	},

	{
		entity_name = "Z_Char_Trent_fs_ml_steel04_28",
		type = SOUND,
		template_name = "fs_ml_steel04",
		lt_grp = 0, srt_grp = 0, usr_flg = 0,
		spatialprops =
		{
			pos = { 0, 0, 0 },
			orient = { { 1, 0, 0 }, { 0, 1, 0 }, { 0, 0, 1 } }
		},
		audioprops =
		{
			attenuation = -26,
			pan = -10,
			dmin = 50,
			dmax = 300,
			ain = 360,
			aout = 360,
			atout = 0,
			rmix = 0,
		},
		userprops =
		{
			category = "Audio",
			Priority = "Steps_4",
		}
	},

	{
		entity_name = "Z_Char_Trent_fs_mr_steel01_29",
		type = SOUND,
		template_name = "fs_mr_steel01",
		lt_grp = 0, srt_grp = 0, usr_flg = 0,
		spatialprops =
		{
			pos = { 0, 0, 0 },
			orient = { { 1, 0, 0 }, { 0, 1, 0 }, { 0, 0, 1 } }
		},
		audioprops =
		{
			attenuation = -25,
			pan = -15,
			dmin = 50,
			dmax = 300,
			ain = 360,
			aout = 360,
			atout = 0,
			rmix = 0,
		},
		userprops =
		{
			category = "Audio",
			Priority = "Steps_4",
		}
	},

	{
		entity_name = "Z_Char_Trent_sfx_fstop_steel_male01_30",
		type = SOUND,
		template_name = "sfx_fstop_steel_male01",
		lt_grp = 0, srt_grp = 0, usr_flg = 0,
		spatialprops =
		{
			pos = { 0, 0, 0 },
			orient = { { 1, 0, 0 }, { 0, 1, 0 }, { 0, 0, 1 } }
		},
		audioprops =
		{
			attenuation = -22,
			pan = -24,
			dmin = 50,
			dmax = 300,
			ain = 360,
			aout = 360,
			atout = 0,
			rmix = 0,
		},
		userprops =
		{
			category = "Audio",
			Priority = "Steps_4",
		}
	},

	{
		entity_name = "Z_Char_Trent_sfx_fturn_male04_31",
		type = SOUND,
		template_name = "sfx_fturn_male04",
		lt_grp = 0, srt_grp = 0, usr_flg = 0,
		spatialprops =
		{
			pos = { 0, 0, 0 },
			orient = { { 1, 0, 0 }, { 0, 1, 0 }, { 0, 0, 1 } }
		},
		audioprops =
		{
			attenuation = -15,
			pan = -28,
			dmin = 50,
			dmax = 300,
			ain = 360,
			aout = 360,
			atout = 0,
			rmix = 0,
		},
		userprops =
		{
			category = "Audio",
			Priority = "Steps_4",
		}
	},

	{
		entity_name = "Z_Char_Trent_sfx_fturn_male03_32",
		type = SOUND,
		template_name = "sfx_fturn_male03",
		lt_grp = 0, srt_grp = 0, usr_flg = 0,
		spatialprops =
		{
			pos = { 0, 0, 0 },
			orient = { { 1, 0, 0 }, { 0, 1, 0 }, { 0, 0, 1 } }
		},
		audioprops =
		{
			attenuation = -17,
			pan = -10,
			dmin = 50,
			dmax = 300,
			ain = 360,
			aout = 360,
			atout = 0,
			rmix = 0,
		},
		userprops =
		{
			category = "Audio",
			Priority = "Steps_4",
		}
	},

	{
		entity_name = "Z_Char_Trent_sfx_fturn_male01_33",
		type = SOUND,
		template_name = "sfx_fturn_male01",
		lt_grp = 0, srt_grp = 0, usr_flg = 0,
		spatialprops =
		{
			pos = { 0, 0, 0 },
			orient = { { 1, 0, 0 }, { 0, 1, 0 }, { 0, 0, 1 } }
		},
		audioprops =
		{
			attenuation = -16,
			pan = -10,
			dmin = 50,
			dmax = 300,
			ain = 360,
			aout = 360,
			atout = 0,
			rmix = 0,
		},
		userprops =
		{
			category = "Audio",
			Priority = "Steps_4",
		}
	},

	{
		entity_name = "Z_Char_Dexter_sfx_fturn_male04_34",
		type = SOUND,
		template_name = "sfx_fturn_male04",
		lt_grp = 0, srt_grp = 0, usr_flg = 0,
		spatialprops =
		{
			pos = { 0, 0, 0 },
			orient = { { 1, 0, 0 }, { 0, 1, 0 }, { 0, 0, 1 } }
		},
		audioprops =
		{
			attenuation = -17,
			pan = 22,
			dmin = 50,
			dmax = 300,
			ain = 360,
			aout = 360,
			atout = 0,
			rmix = 0,
		},
		userprops =
		{
			category = "Audio",
			Priority = "Steps_4",
		}
	},

	{
		entity_name = "Z_Char_Dexter_sfx_fturn_male01_35",
		type = SOUND,
		template_name = "sfx_fturn_male01",
		lt_grp = 0, srt_grp = 0, usr_flg = 0,
		spatialprops =
		{
			pos = { 0, 0, 0 },
			orient = { { 1, 0, 0 }, { 0, 1, 0 }, { 0, 0, 1 } }
		},
		audioprops =
		{
			attenuation = -20,
			pan = 20,
			dmin = 50,
			dmax = 300,
			ain = 360,
			aout = 360,
			atout = 0,
			rmix = 0,
		},
		userprops =
		{
			category = "Audio",
			Priority = "Steps_4",
		}
	},

	{
		entity_name = "sfx_ambience_deck_space_smaller_1",
		type = SOUND,
		template_name = "ambience_deck_space_smaller",
		lt_grp = 0, srt_grp = 0, usr_flg = 0,
		spatialprops =
		{
			pos = { 0, 0, 0 },
			orient = { { 1, 0, 0 }, { 0, 1, 0 }, { 0, 0, 1 } }
		},
		audioprops =
		{
			attenuation = -5,
			pan = 0,
			dmin = 50,
			dmax = 300,
			ain = 360,
			aout = 360,
			atout = 0,
			rmix = 0,
		},
		userprops =
		{
			category = "Audio",
			Priority = "Story_Sound_1",
		}
	},

	{
		entity_name = "Cam_Monitor_s033x_static",
		type = MONITOR,
		template_name = "",
		lt_grp = 0, srt_grp = 0, usr_flg = 0,
		userprops =
		{
			Priority = "Monitor_Static_1",
		}
	},

	{
		entity_name = "Cam_01_Wide_A_static_mon",
		type = CAMERA,
		template_name = "",
		lt_grp = 0, srt_grp = 0, usr_flg = 0,
		flags = HIDDEN,
		spatialprops =
		{
			pos = { 18.51879, 7.746225, 23.15898 },
			orient = { {  0.964600,  0.000000, -0.263716 },
					   { -0.080566,  0.952192, -0.294687 },
					   {  0.251108,  0.305501,  0.918484 } }
		},
		cameraprops =
		{
			fovh = 30,
			hvaspect = 1.85,
			nearplane = 0.4,
			farplane = 4000
		}
	},

	{
		entity_name = "Cam_02_AC2_A_static_mon",
		type = CAMERA,
		template_name = "",
		lt_grp = 0, srt_grp = 0, usr_flg = 0,
		flags = HIDDEN,
		spatialprops =
		{
			pos = { 13.97223, 1.742045, 10.08045 },
			orient = { {  0.636776,  0.000000,  0.771049 },
					   {  0.147103,  0.981632, -0.121485 },
					   { -0.756887,  0.190782,  0.625080 } }
		},
		cameraprops =
		{
			fovh = 25,
			hvaspect = 1.85,
			nearplane = 0.4,
			farplane = 4000
		}
	},

	{
		entity_name = "Cam_08_PC2_static_mon_01",
		type = CAMERA,
		template_name = "",
		lt_grp = 0, srt_grp = 0, usr_flg = 0,
		flags = HIDDEN,
		spatialprops =
		{
			pos = { 9.629978, 1.623712, 8.983512 },
			orient = { { -0.787772,  0.000000,  0.615967 },
					   {  0.117433,  0.981658,  0.150187 },
					   { -0.604669,  0.190648, -0.773323 } }
		},
		cameraprops =
		{
			fovh = 30,
			hvaspect = 1.85,
			nearplane = 0.4,
			farplane = 4000
		}
	},

	{
		entity_name = "Cam_08_PC2_static_mon_02",
		type = CAMERA,
