duration = 84.512;

entities =
{

	{
		entity_name = "Layer_Scene_s034x",
		type = SCENE,
		template_name = "",
		lt_grp = 0, srt_grp = 0, usr_flg = 0,
		spatialprops =
		{
			pos = { 0, 0, 0 },
			orient = { { 1, 0, 0 }, { 0, 1, 0 }, { 0, 0, 1 } }
		},
		up = Y_AXIS,
		front = Z_AXIS,
		ambient = { 0, 0, 0 },
		userprops =
		{
			TextStart = "0.75000",
			TextString = "259615.00000",
		}
	},

	{
		entity_name = "dx_s034x_0101_Trent_1",
		type = SOUND,
		template_name = "dx_s034x_0101_Trent",
		lt_grp = 0, srt_grp = 0, usr_flg = 0,
		spatialprops =
		{
			pos = { 0, 0, 0 },
			orient = { { 1, 0, 0 }, { 0, 1, 0 }, { 0, 0, 1 } }
		},
		audioprops =
		{
			attenuation = -1,
			pan = 0,
			dmin = 50,
			dmax = 1000,
			ain = 360,
			aout = 360,
			atout = 0,
			rmix = 0,
		},
		userprops =
		{
			category = "Audio",
		}
	},

	{
		entity_name = "dx_s034x_0201_Quintaine_2",
		type = SOUND,
		template_name = "dx_s034x_0201_Quintaine",
		lt_grp = 0, srt_grp = 0, usr_flg = 0,
		spatialprops =
		{
			pos = { 0, 0, 0 },
			orient = { { 1, 0, 0 }, { 0, 1, 0 }, { 0, 0, 1 } }
		},
		audioprops =
		{
			attenuation = -1,
			pan = 0,
			dmin = 50,
			dmax = 1000,
			ain = 360,
			aout = 360,
			atout = 0,
			rmix = 0,
		},
		userprops =
		{
			category = "Audio",
		}
	},

	{
		entity_name = "dx_s034x_0301_Trent_3",
		type = SOUND,
		template_name = "dx_s034x_0301_Trent",
		lt_grp = 0, srt_grp = 0, usr_flg = 0,
		spatialprops =
		{
			pos = { 0, 0, 0 },
			orient = { { 1, 0, 0 }, { 0, 1, 0 }, { 0, 0, 1 } }
		},
		audioprops =
		{
			attenuation = -1,
			pan = 0,
			dmin = 50,
			dmax = 1000,
			ain = 360,
			aout = 360,
			atout = 0,
			rmix = 0,
		},
		userprops =
		{
			category = "Audio",
		}
	},

	{
		entity_name = "dx_s034x_0401_Quintaine_4",
		type = SOUND,
		template_name = "dx_s034x_0401_Quintaine",
		lt_grp = 0, srt_grp = 0, usr_flg = 0,
		spatialprops =
		{
			pos = { 0, 0, 0 },
			orient = { { 1, 0, 0 }, { 0, 1, 0 }, { 0, 0, 1 } }
		},
		audioprops =
		{
			attenuation = -1,
			pan = 0,
			dmin = 50,
			dmax = 1000,
			ain = 360,
			aout = 360,
			atout = 0,
			rmix = 0,
		},
		userprops =
		{
			category = "Audio",
		}
	},

	{
		entity_name = "dx_s034x_0501_Trent_5",
		type = SOUND,
		template_name = "dx_s034x_0501_Trent",
		lt_grp = 0, srt_grp = 0, usr_flg = 0,
		spatialprops =
		{
			pos = { 0, 0, 0 },
			orient = { { 1, 0, 0 }, { 0, 1, 0 }, { 0, 0, 1 } }
		},
		audioprops =
		{
			attenuation = -1,
			pan = 0,
			dmin = 50,
			dmax = 1000,
			ain = 360,
			aout = 360,
			atout = 0,
			rmix = 0,
		},
		userprops =
		{
			category = "Audio",
		}
	},

	{
		entity_name = "dx_s034x_0601_Quintaine_6",
		type = SOUND,
		template_name = "dx_s034x_0601_Quintaine",
		lt_grp = 0, srt_grp = 0, usr_flg = 0,
		spatialprops =
		{
			pos = { 0, 0, 0 },
			orient = { { 1, 0, 0 }, { 0, 1, 0 }, { 0, 0, 1 } }
		},
		audioprops =
		{
			attenuation = -1,
			pan = 0,
			dmin = 50,
			dmax = 1000,
			ain = 360,
			aout = 360,
			atout = 0,
			rmix = 0,
		},
		userprops =
		{
			category = "Audio",
		}
	},

	{
		entity_name = "dx_s034x_0602_Quintaine_7",
		type = SOUND,
		template_name = "dx_s034x_0602_Quintaine",
		lt_grp = 0, srt_grp = 0, usr_flg = 0,
		spatialprops =
		{
			pos = { 0, 0, 0 },
			orient = { { 1, 0, 0 }, { 0, 1, 0 }, { 0, 0, 1 } }
		},
		audioprops =
		{
			attenuation = -1,
			pan = 0,
			dmin = 50,
			dmax = 1000,
			ain = 360,
			aout = 360,
			atout = 0,
			rmix = 0,
		},
		userprops =
		{
			category = "Audio",
		}
	},

	{
		entity_name = "dx_s034x_0701_Trent_8",
		type = SOUND,
		template_name = "dx_s034x_0701_Trent",
		lt_grp = 0, srt_grp = 0, usr_flg = 0,
		spatialprops =
		{
			pos = { 0, 0, 0 },
			orient = { { 1, 0, 0 }, { 0, 1, 0 }, { 0, 0, 1 } }
		},
		audioprops =
		{
			attenuation = -1,
			pan = 0,
			dmin = 50,
			dmax = 1000,
			ain = 360,
			aout = 360,
			atout = 0,
			rmix = 0,
		},
		userprops =
		{
			category = "Audio",
		}
	},

	{
		entity_name = "dx_s034x_0801_Quintaine_9",
		type = SOUND,
		template_name = "dx_s034x_0801_Quintaine",
		lt_grp = 0, srt_grp = 0, usr_flg = 0,
		spatialprops =
		{
			pos = { 0, 0, 0 },
			orient = { { 1, 0, 0 }, { 0, 1, 0 }, { 0, 0, 1 } }
		},
		audioprops =
		{
			attenuation = -1,
			pan = 0,
			dmin = 50,
			dmax = 1000,
			ain = 360,
			aout = 360,
			atout = 0,
			rmix = 0,
		},
		userprops =
		{
			category = "Audio",
		}
	},

	{
		entity_name = "dx_s034x_0901_Trent_10",
		type = SOUND,
		template_name = "dx_s034x_0901_Trent",
		lt_grp = 0, srt_grp = 0, usr_flg = 0,
		spatialprops =
		{
			pos = { 0, 0, 0 },
			orient = { { 1, 0, 0 }, { 0, 1, 0 }, { 0, 0, 1 } }
		},
		audioprops =
		{
			attenuation = -1,
			pan = 0,
			dmin = 50,
			dmax = 1000,
			ain = 360,
			aout = 360,
			atout = 0,
			rmix = 0,
		},
		userprops =
		{
			category = "Audio",
		}
	},

	{
		entity_name = "dx_s034x_1001_Quintaine_11",
		type = SOUND,
		template_name = "dx_s034x_1001_Quintaine",
		lt_grp = 0, srt_grp = 0, usr_flg = 0,
		spatialprops =
		{
			pos = { 0, 0, 0 },
			orient = { { 1, 0, 0 }, { 0, 1, 0 }, { 0, 0, 1 } }
		},
		audioprops =
		{
			attenuation = -1,
			pan = 0,
			dmin = 50,
			dmax = 1000,
			ain = 360,
			aout = 360,
			atout = 0,
			rmix = 0,
		},
		userprops =
		{
			category = "Audio",
		}
	},

	{
		entity_name = "dx_s034x_1101_Trent_12",
		type = SOUND,
		template_name = "dx_s034x_1101_Trent",
		lt_grp = 0, srt_grp = 0, usr_flg = 0,
		spatialprops =
		{
			pos = { 0, 0, 0 },
			orient = { { 1, 0, 0 }, { 0, 1, 0 }, { 0, 0, 1 } }
		},
		audioprops =
		{
			attenuation = -1,
			pan = 0,
			dmin = 50,
			dmax = 1000,
			ain = 360,
			aout = 360,
			atout = 0,
			rmix = 0,
		},
		userprops =
		{
			category = "Audio",
		}
	},

	{
		entity_name = "dx_s034x_1201_Quintaine_13",
		type = SOUND,
		template_name = "dx_s034x_1201_Quintaine",
		lt_grp = 0, srt_grp = 0, usr_flg = 0,
		spatialprops =
		{
			pos = { 0, 0, 0 },
			orient = { { 1, 0, 0 }, { 0, 1, 0 }, { 0, 0, 1 } }
		},
		audioprops =
		{
			attenuation = -1,
			pan = 0,
			dmin = 50,
			dmax = 1000,
			ain = 360,
			aout = 360,
			atout = 0,
			rmix = 0,
		},
		userprops =
		{
			category = "Audio",
		}
	},

	{
		entity_name = "dx_s034x_1202_Quintaine_14",
		type = SOUND,
		template_name = "dx_s034x_1202_Quintaine",
		lt_grp = 0, srt_grp = 0, usr_flg = 0,
		spatialprops =
		{
			pos = { 0, 0, 0 },
			orient = { { 1, 0, 0 }, { 0, 1, 0 }, { 0, 0, 1 } }
		},
		audioprops =
		{
			attenuation = -1,
			pan = 0,
			dmin = 50,
			dmax = 1000,
			ain = 360,
			aout = 360,
			atout = 0,
			rmix = 0,
		},
		userprops =
		{
			category = "Audio",
		}
	},

	{
		entity_name = "dx_s034x_1301_Trent_15",
		type = SOUND,
		template_name = "dx_s034x_1301_Trent",
		lt_grp = 0, srt_grp = 0, usr_flg = 0,
		spatialprops =
		{
			pos = { 0, 0, 0 },
			orient = { { 1, 0, 0 }, { 0, 1, 0 }, { 0, 0, 1 } }
		},
		audioprops =
		{
			attenuation = -1,
			pan = 0,
			dmin = 50,
			dmax = 1000,
			ain = 360,
			aout = 360,
			atout = 0,
			rmix = 0,
		},
		userprops =
		{
			category = "Audio",
		}
	},

	{
		entity_name = "dx_s034x_1401_Quintaine_16",
		type = SOUND,
		template_name = "dx_s034x_1401_Quintaine",
		lt_grp = 0, srt_grp = 0, usr_flg = 0,
		spatialprops =
		{
			pos = { 0, 0, 0 },
			orient = { { 1, 0, 0 }, { 0, 1, 0 }, { 0, 0, 1 } }
		},
		audioprops =
		{
			attenuation = -1,
			pan = 0,
			dmin = 50,
			dmax = 1000,
			ain = 360,
			aout = 360,
			atout = 0,
			rmix = 0,
		},
		userprops =
		{
			category = "Audio",
		}
	},

	{
		entity_name = "dx_s034x_1501_Trent_17",
		type = SOUND,
		template_name = "dx_s034x_1501_Trent",
		lt_grp = 0, srt_grp = 0, usr_flg = 0,
		spatialprops =
		{
			pos = { 0, 0, 0 },
			orient = { { 1, 0, 0 }, { 0, 1, 0 }, { 0, 0, 1 } }
		},
		audioprops =
		{
			attenuation = -1,
			pan = 0,
			dmin = 50,
			dmax = 1000,
			ain = 360,
			aout = 360,
			atout = 0,
			rmix = 0,
		},
		userprops =
		{
			category = "Audio",
		}
	},

	{
		entity_name = "dx_s034x_1601_Quintaine_18",
		type = SOUND,
		template_name = "dx_s034x_1601_Quintaine",
		lt_grp = 0, srt_grp = 0, usr_flg = 0,
		spatialprops =
		{
			pos = { 0, 0, 0 },
			orient = { { 1, 0, 0 }, { 0, 1, 0 }, { 0, 0, 1 } }
		},
		audioprops =
		{
			attenuation = -1,
			pan = 0,
			dmin = 50,
			dmax = 1000,
			ain = 360,
			aout = 360,
			atout = 0,
			rmix = 0,
		},
		userprops =
		{
			category = "Audio",
		}
	},

	{
		entity_name = "dx_s034x_1701_Trent_19",
		type = SOUND,
		template_name = "dx_s034x_1701_Trent",
		lt_grp = 0, srt_grp = 0, usr_flg = 0,
		spatialprops =
		{
			pos = { 0, 0, 0 },
			orient = { { 1, 0, 0 }, { 0, 1, 0 }, { 0, 0, 1 } }
		},
		audioprops =
		{
			attenuation = -1,
			pan = 0,
			dmin = 50,
			dmax = 1000,
			ain = 360,
			aout = 360,
			atout = 0,
			rmix = 0,
		},
		userprops =
		{
			category = "Audio",
		}
	},

	{
		entity_name = "Char_Trent",
		type = DEFORMABLE,
		template_name = "trent",
		lt_grp = 0, srt_grp = 0, usr_flg = 0,
		flags = LIT_DYNAMIC,
		spatialprops =
		{
			pos = { 19.65658, 0, -14.41832 },
			orient = { { -0.730328,  0.000000, -0.683097 },
					   {  0.000000,  1.000000,  0.000000 },
					   {  0.683097,  0.000000, -0.730328 } }
		},
		compoundprops =
		{
			floor_height = 0
		},
		userprops =
		{
			actor = "Player",
			category = "Character",
		}
	},

	{
		entity_name = "Char_Quintane",
		type = DEFORMABLE,
		template_name = "quintaine",
		lt_grp = 0, srt_grp = 0, usr_flg = 0,
		flags = LIT_DYNAMIC,
		spatialprops =
		{
			pos = { -3.299136, 0, 3.866528 },
			orient = { { -0.978587,  0.000000,  0.205833 },
					   {  0.000000,  1.000000,  0.000000 },
					   { -0.205833,  0.000000, -0.978587 } }
		},
		compoundprops =
		{
			floor_height = 0
		},
		userprops =
		{
			actor = "quintaine",
			category = "Character",
		}
	},

	{
		entity_name = "Cam_Monitor_s034x",
		type = MONITOR,
		template_name = "",
		lt_grp = 0, srt_grp = 0, usr_flg = 0,
		userprops =
		{
			Priority = "Monitor_Moving_1",
		}
	},

	{
		entity_name = "Char_T_Mrk_Wlk_Orient",
		type = MARKER,
		template_name = "",
		lt_grp = 0, srt_grp = 0, usr_flg = 0,
		spatialprops =
		{
			pos = { 30.24458, 0, -21.01277 },
			orient = { { -0.017140,  0.000000, -0.999853 },
					   {  0.000000,  1.000000,  0.000000 },
					   {  0.999853,  0.000000, -0.017140 } }
		}
	},

	{
		entity_name = "Cart_br_Gun",
		type = COMPOUND,
		template_name = "br_cart",
		lt_grp = 0, srt_grp = 0, usr_flg = 0,
		flags = LIT_DYNAMIC,
		spatialprops =
		{
			pos = { 15.64058, 0.638759, 11.6412 },
			orient = { {  0.881683,  0.000000,  0.471842 },
					   {  0.000000,  1.000000,  0.000000 },
					   { -0.471842,  0.000000,  0.881683 } }
		},
		userprops =
		{
			category = "Equipment Cart",
		}
	},

	{
		entity_name = "Cart_br_Shield_Thrust",
		type = COMPOUND,
		template_name = "br_booth",
		lt_grp = 0, srt_grp = 0, usr_flg = 0,
		flags = LIT_DYNAMIC,
		spatialprops =
		{
			pos = { -18.40378, 0.545586, -9.39011 },
			orient = { { -0.053498,  0.000000,  0.998568 },
					   {  0.000000,  1.000000,  0.000000 },
					   { -0.998568,  0.000000, -0.053498 } }
		},
		userprops =
		{
			category = "Equipment Cart",
		}
	},

	{
		entity_name = "Cart_br_Engine",
		type = COMPOUND,
		template_name = "br_flat",
		lt_grp = 0, srt_grp = 0, usr_flg = 0,
		flags = LIT_DYNAMIC,
		spatialprops =
		{
			pos = { -0.109496, 0.755393, 27.63063 },
			orient = { { -0.998951,  0.000000,  0.045786 },
					   {  0.000000,  1.000000,  0.000000 },
					   { -0.045786,  0.000000, -0.998951 } }
		},
		userprops =
		{
			category = "Equipment Cart",
		}
	},

	{
		entity_name = "Bin_artifacts_3_1",
		type = COMPOUND,
		template_name = "artifacts_3",
		lt_grp = 0, srt_grp = 0, usr_flg = 0,
		flags = LIT_DYNAMIC,
		spatialprops =
		{
			pos = { 16.0128, 6.055365, -27.4226 },
			orient = { { 1, 0, 0 }, { 0, 1, 0 }, { 0, 0, 1 } }
		},
		userprops =
		{
			category = "Equipment",
		}
	},

	{
		entity_name = "Bin_artifacts_3_2",
		type = COMPOUND,
		template_name = "artifacts_3",
		lt_grp = 3, srt_grp = 0, usr_flg = 0,
		flags = LIT_DYNAMIC,
		spatialprops =
		{
			pos = { 18.36828, 6.061826, -27.4226 },
			orient = { { 1, 0, 0 }, { 0, 1, 0 }, { 0, 0, 1 } }
		},
		userprops =
		{
			category = "Equipment",
		}
	},

	{
		entity_name = "Bin_artifacts_3_3",
		type = COMPOUND,
		template_name = "artifacts_3",
		lt_grp = 3, srt_grp = 0, usr_flg = 0,
		flags = LIT_DYNAMIC,
		spatialprops =
		{
			pos = { 16.59769, 6.078228, -34.97398 },
			orient = { { 1, 0, 0 }, { 0, 1, 0 }, { 0, 0, 1 } }
		},
		userprops =
		{
			category = "Equipment",
		}
	},

	{
		entity_name = "Bin_contraband_2_1",
		type = COMPOUND,
		template_name = "contraband_2",
		lt_grp = 3, srt_grp = 0, usr_flg = 0,
		flags = LIT_DYNAMIC,
		spatialprops =
		{
			pos = { 16.21626, 6.057523, 27.72285 },
			orient = { { -0.998882,  0.000000,  0.047271 },
					   {  0.000000,  1.000000,  0.000000 },
					   { -0.047271,  0.000000, -0.998882 } }
		},
		userprops =
		{
			category = "Equipment",
		}
	},

	{
		entity_name = "Bin_contraband_2_3",
		type = COMPOUND,
		template_name = "contraband_2",
		lt_grp = 3, srt_grp = 0, usr_flg = 0,
		flags = LIT_DYNAMIC,
		spatialprops =
		{
			pos = { 18.06777, 12.10176, 27.61296 },
			orient = { { -0.999906,  0.000000,  0.013698 },
					   {  0.000000,  1.000000,  0.000000 },
					   { -0.013698,  0.000000, -0.999906 } }
		},
		userprops =
		{
			category = "Equipment",
		}
	},

	{
		entity_name = "Bin_machines_1",
		type = COMPOUND,
		template_name = "machines_1",
		lt_grp = 3, srt_grp = 0, usr_flg = 0,
		flags = LIT_DYNAMIC,
		spatialprops =
		{
			pos = { 17.1759, 12.07301, -34.97398 },
			orient = { { 1, 0, 0 }, { 0, 1, 0 }, { 0, 0, 1 } }
		},
		userprops =
		{
			category = "Equipment",
		}
	},

	{
		entity_name = "Bin_machines_1_2",
		type = COMPOUND,
		template_name = "machines_1",
		lt_grp = 3, srt_grp = 0, usr_flg = 0,
		flags = LIT_DYNAMIC,
		spatialprops =
		{
			pos = { 16.59769, 12.12635, -27.48454 },
			orient = { { 1, 0, 0 }, { 0, 1, 0 }, { 0, 0, 1 } }
		},
		userprops =
		{
			category = "Equipment",
		}
	},

	{
		entity_name = "Bin_machines_1_3",
		type = COMPOUND,
		template_name = "machines_1",
		lt_grp = 3, srt_grp = 0, usr_flg = 0,
		flags = LIT_DYNAMIC,
		spatialprops =
		{
			pos = { -17.43016, 12.09401, -28.11657 },
			orient = { { 1, 0, 0 }, { 0, 1, 0 }, { 0, 0, 1 } }
		},
		userprops =
		{
			category = "Equipment",
		}
	},

	{
		entity_name = "Bin_machines_1_4",
		type = COMPOUND,
		template_name = "machines_1",
		lt_grp = 3, srt_grp = 0, usr_flg = 0,
		flags = LIT_DYNAMIC,
		spatialprops =
		{
			pos = { -17.43016, 6.067317, -27.24958 },
			orient = { { 1, 0, 0 }, { 0, 1, 0 }, { 0, 0, 1 } }
		},
		userprops =
		{
			category = "Equipment",
		}
	},

	{
		entity_name = "Equip_b_auto01",
		type = COMPOUND,
		template_name = "rtcprop_weapons_br_auto_shotgun",
		lt_grp = 0, srt_grp = 0, usr_flg = 0,
		flags = LIT_DYNAMIC,
		spatialprops =
		{
			pos = { -0.173921, 1.23344, 26.65951 },
			orient = { {  0.045786,  0.000000,  0.998951 },
					   {  0.000000,  1.000000,  0.000000 },
					   { -0.998951,  0.000000,  0.045786 } }
		},
		userprops =
		{
			category = "Equipment",
		}
	},

	{
		entity_name = "Equip_b_counter01",
		type = COMPOUND,
		template_name = "rtcprop_weapons_li_plasma_blaster",
		lt_grp = 0, srt_grp = 0, usr_flg = 0,
		flags = LIT_DYNAMIC,
		spatialprops =
		{
			pos = { -0.71945, 0.856114, -35.07199 },
			orient = { {  0.000001,  0.000000, -1.000000 },
					   {  0.000000,  1.000000,  0.000000 },
					   {  1.000000,  0.000000,  0.000001 } }
		},
		userprops =
		{
			category = "Equipment",
		}
	},

	{
		entity_name = "Equip_b_gun01_tough",
		type = COMPOUND,
		template_name = "rtcprop_weapons_br_mass_driver",
		lt_grp = 0, srt_grp = 0, usr_flg = 0,
		flags = LIT_DYNAMIC,
		spatialprops =
		{
			pos = { -0.285969, 1.183439, 24.21485 },
			orient = { {  0.045786,  0.000000,  0.998951 },
					   {  0.000000,  1.000000,  0.000000 },
					   { -0.998951,  0.000000,  0.045786 } }
		},
		userprops =
		{
			category = "Equipment",
		}
	},

	{
		entity_name = "Equip_b_gun02_tough",
		type = COMPOUND,
		template_name = "rtcprop_weapons_br_railgun",
		lt_grp = 0, srt_grp = 0, usr_flg = 0,
		flags = LIT_DYNAMIC,
		spatialprops =
		{
			pos = { -0.419451, 0.856114, -33.30317 },
			orient = { {  0.000001,  0.000000, -1.000000 },
					   {  0.000000,  1.000000,  0.000000 },
					   {  1.000000,  0.000000,  0.000001 } }
		},
		userprops =
		{
			category = "Equipment",
		}
	},

	{
		entity_name = "Equip_b_missile01",
		type = COMPOUND,
		template_name = "rtcprop_weapons_br_slugger_launcher",
		lt_grp = 0, srt_grp = 0, usr_flg = 0,
		flags = LIT_DYNAMIC,
		spatialprops =
		{
			pos = { -0.071673, 1.53344, 28.89028 },
			orient = { {  0.045786,  0.000000,  0.998951 },
					   {  0.000000,  1.000000,  0.000000 },
					   { -0.998951,  0.000000,  0.045786 } }
		},
		userprops =
		{
			category = "Equipment",
		}
	},

	{
		entity_name = "Equip_b_missile01_tough",
		type = COMPOUND,
		template_name = "rtcprop_weapons_br_slugger_launcher",
		lt_grp = 0, srt_grp = 0, usr_flg = 0,
		flags = LIT_DYNAMIC,
		spatialprops =
		{
			pos = { 0.033496, 1.533441, 31.18486 },
			orient = { {  0.045786,  0.000000,  0.998951 },
					   {  0.000000,  1.000000,  0.000000 },
					   { -0.998951,  0.000000,  0.045786 } }
		},
		userprops =
		{
			category = "Equipment",
		}
	},

	{
		entity_name = "Equip_b_shield_gen01",
		type = COMPOUND,
		template_name = "rtcprop_st_br_conversion_shield",
		lt_grp = 0, srt_grp = 0, usr_flg = 0,
		flags = LIT_DYNAMIC,
		spatialprops =
		{
			pos = { -16.85376, 1.41437, -9.07751 },
			orient = { {  0.980302, -0.010775,  0.197212 },
					   {  0.010564,  0.999942,  0.002125 },
					   { -0.197223,  0.000000,  0.980359 } }
		},
		userprops =
		{
			category = "Equipment",
		}
	},

	{
		entity_name = "Equip_b_thruster01",
		type = COMPOUND,
		template_name = "rtcprop_st_br_thruster",
		lt_grp = 0, srt_grp = 0, usr_flg = 0,
		flags = LIT_DYNAMIC,
		spatialprops =
		{
			pos = { -19.97455, 1.528677, -9.705333 },
			orient = { {  0.980302, -0.010775,  0.197212 },
					   {  0.010564,  0.999942,  0.002125 },
					   { -0.197223,  0.000000,  0.980359 } }
		},
		userprops =
		{
			category = "Equipment",
		}
	},

	{
		entity_name = "Equip_g_heavytractorbeam",
		type = COMPOUND,
		template_name = "rtcprop_hardware_ge_heavy_tractor_beam",
		lt_grp = 0, srt_grp = 0, usr_flg = 0,
		flags = LIT_DYNAMIC,
		spatialprops =
		{
			pos = { -18.55468, 1.85309, -9.419692 },
			orient = { {  0.980302, -0.010775,  0.197212 },
					   {  0.010564,  0.999942,  0.002125 },
					   { -0.197223,  0.000000,  0.980359 } }
		},
		userprops =
		{
			category = "Equipment",
		}
	},

	{
		entity_name = "Equip_g_shield_gen01",
		type = COMPOUND,
		template_name = "rtcprop_st_li_refractor_shield",
		lt_grp = 0, srt_grp = 0, usr_flg = 0,
		flags = LIT_DYNAMIC,
		spatialprops =
		{
			pos = { -0.719455, 0.936113, -30.98793 },
			orient = { {  0.000001,  0.000000, -1.000000 },
					   {  0.000000,  1.000000,  0.000000 },
					   {  1.000000,  0.000000,  0.000001 } }
		},
		userprops =
		{
			category = "Equipment",
		}
	},

	{
		entity_name = "Equip_ge_gun01",
		type = COMPOUND,
		template_name = "rtcprop_weapons_li_laser_beam",
		lt_grp = 0, srt_grp = 0, usr_flg = 0,
		flags = LIT_DYNAMIC,
		spatialprops =
		{
			pos = { -0.419456, 0.886113, -28.83898 },
			orient = { {  0.000001,  0.000000, -1.000000 },
					   {  0.000000,  1.000000,  0.000000 },
					   {  1.000000,  0.000000,  0.000001 } }
		},
		userprops =
		{
			category = "Equipment",
		}
	},

	{
		entity_name = "Char_Q_Mrk_Wlk_Orient",
		type = MARKER,
		template_name = "",
		lt_grp = 0, srt_grp = 0, usr_flg = 0,
		spatialprops =
		{
			pos = { -6.459951, 0, 6.032376 },
			orient = { {  0.491037,  0.000000,  0.871139 },
					   {  0.000000,  1.000000,  0.000000 },
					   { -0.871139,  0.000000,  0.491037 } }
		}
	},

	{
		entity_name = "Char_Q_Mrk_Wlk_Orient_2",
		type = MARKER,
		template_name = "",
		lt_grp = 0, srt_grp = 0, usr_flg = 0,
		spatialprops =
		{
			pos = { -6.459951, 0, 6.032376 },
			orient = { {  0.665315,  0.000000,  0.746562 },
					   {  0.000000,  1.000000,  0.000000 },
					   { -0.746562,  0.000000,  0.665315 } }
		}
	},

	{
		entity_name = "Char_or_pi_03",
		type = DEFORMABLE,
		template_name = "or_pi_03",
		lt_grp = 0, srt_grp = 0, usr_flg = 0,
		flags = LIT_DYNAMIC,
		spatialprops =
		{
			pos = { 45.14601, 0, -9.040111 },
			orient = { { -0.705835,  0.000000, -0.708376 },
					   {  0.000000,  1.000000,  0.000000 },
					   {  0.708376,  0.000000, -0.705835 } }
		},
		compoundprops =
		{
			floor_height = 0
		},
		userprops =
		{
			Actor = "or_pi_03",
			category = "Character",
		}
	},

	{
		entity_name = "Char_Mrk_All_Offscreen",
		type = MARKER,
		template_name = "",
		lt_grp = 0, srt_grp = 0, usr_flg = 0,
		spatialprops =
		{
			pos = { -39.90404, 0, -27.25987 },
			orient = { {  0.385916,  0.000000,  0.922534 },
					   {  0.000000,  1.000000,  0.000000 },
					   { -0.922534,  0.000000,  0.385916 } }
		}
	},

	{
		entity_name = "Char_or_pi_03_Mrk_init",
		type = MARKER,
		template_name = "",
		lt_grp = 0, srt_grp = 0, usr_flg = 0,
		spatialprops =
		{
			pos = { 18.3883, 0, -3.65559 },
			orient = { {  0.999781,  0.000000,  0.020928 },
					   {  0.000000,  1.000000,  0.000000 },
					   { -0.020928,  0.000000,  0.999781 } }
		}
	},

	{
		entity_name = "Char_or_pi_04",
		type = DEFORMABLE,
		template_name = "or_pi_04",
		lt_grp = 0, srt_grp = 0, usr_flg = 0,
		flags = LIT_DYNAMIC,
		spatialprops =
		{
			pos = { 23.10113, 0, -18.69355 },
			orient = { { 1, 0, 0 }, { 0, 1, 0 }, { 0, 0, 1 } }
		},
		compoundprops =
		{
			floor_height = 0
		},
		userprops =
		{
			Actor = "or_pi_04",
			category = "Character",
			Priority = "FG_Extras_2",
		}
	},

	{
		entity_name = "Char_or_pi_04_Mrk_init",
		type = MARKER,
		template_name = "",
		lt_grp = 0, srt_grp = 0, usr_flg = 0,
		spatialprops =
		{
			pos = { 20.98007, 0, -16.47179 },
			orient = { { -0.712258,  0.000000, -0.701918 },
					   {  0.000000,  1.000000,  0.000000 },
					   {  0.701918,  0.000000, -0.712258 } }
		}
	},

	{
		entity_name = "Cam_02_POV_room",
		type = CAMERA,
		template_name = "",
		lt_grp = 0, srt_grp = 0, usr_flg = 0,
		spatialprops =
		{
			pos = { 18.10276, 1.300057, -13.11671 },
			orient = { { -0.651854,  0.025942, -0.757901 },
					   {  0.099218,  0.993741, -0.051321 },
					   {  0.751826, -0.108651, -0.650348 } }
		},
		cameraprops =
		{
			fovh = 30,
			hvaspect = 1.85,
			nearplane = 0.4,
			farplane = 4000
		}
	},

	{
		entity_name = "Char_or_pi_03_Mrk_where_should_be",
		type = MARKER,
		template_name = "",
		lt_grp = 0, srt_grp = 0, usr_flg = 0,
		spatialprops =
		{
			pos = { 19.13626, 0, -12.41849 },
			orient = { { -0.622914,  0.000000, -0.782290 },
					   {  0.000000,  1.000000,  0.000000 },
					   {  0.782290,  0.000000, -0.622914 } }
		}
	},

	{
		entity_name = "Char_or_pi_03_Mrk_orient_1",
		type = MARKER,
		template_name = "",
		lt_grp = 0, srt_grp = 0, usr_flg = 0,
		spatialprops =
		{
			pos = { 21.94215, 0, -15.78371 },
			orient = { { -0.718472,  0.000000, -0.695556 },
					   {  0.000000,  1.000000,  0.000000 },
					   {  0.695556,  0.000000, -0.718472 } }
		}
	},

	{
		entity_name = "Char_or_pi_04_Mrk_init_orient_1",
		type = MARKER,
		template_name = "",
		lt_grp = 0, srt_grp = 0, usr_flg = 0,
		spatialprops =
		{
			pos = { 21.26026, 0, -16.75611 },
			orient = { { -0.567020,  0.000000, -0.823704 },
					   {  0.000000,  1.000000,  0.000000 },
					   {  0.823704,  0.000000, -0.567020 } }
		}
	},

	{
		entity_name = "Char_or_pi_03_Mrk_At_Quintaine",
		type = MARKER,
		template_name = "",
		lt_grp = 0, srt_grp = 0, usr_flg = 0,
		spatialprops =
		{
			pos = { 1.352544, 0, 2.394385 },
			orient = { { -0.242027,  0.000000, -0.970270 },
					   {  0.000000,  1.000000,  0.000000 },
					   {  0.970270,  0.000000, -0.242027 } }
		}
	},

	{
		entity_name = "Char_or_pi_04_Mrk_At_Quintaine",
		type = MARKER,
		template_name = "",
		lt_grp = 0, srt_grp = 0, usr_flg = 0,
		spatialprops =
		{
			pos = { -1.065295, 0, -2.311075 },
			orient = { { -0.932693,  0.000000, -0.360670 },
					   {  0.000000,  1.000000,  0.000000 },
					   {  0.360670,  0.000000, -0.932693 } }
		}
	},

	{
		entity_name = "Char_T_Mrk_At_Quintaine_1",
		type = MARKER,
		template_name = "",
		lt_grp = 0, srt_grp = 0, usr_flg = 0,
		spatialprops =
		{
			pos = { -1.230194, 0, 1.45182 },
			orient = { { -0.785193,  0.000000, -0.619252 },
					   {  0.000000,  1.000000,  0.000000 },
					   {  0.619252,  0.000000, -0.785193 } }
		}
	},

	{
		entity_name = "Char_or_pi_04_Mrk_orient_2_step",
		type = MARKER,
		template_name = "",
		lt_grp = 0, srt_grp = 0, usr_flg = 0,
		spatialprops =
		{
			pos = { -2.159625, 0, 0.611589 },
			orient = { { -0.879753,  0.000000,  0.475431 },
					   {  0.000000,  1.000000,  0.000000 },
					   { -0.475431,  0.000000, -0.879753 } }
		}
	},

	{
		entity_name = "Char_or_pi_03_Mrk_orient_2_step",
		type = MARKER,
		template_name = "",
		lt_grp = 0, srt_grp = 0, usr_flg = 0,
		spatialprops =
		{
			pos = { -0.14819, 0, 2.236305 },
			orient = { {  0.550536,  0.000000, -0.834812 },
					   {  0.000000,  1.000000,  0.000000 },
					   {  0.834812,  0.000000,  0.550536 } }
		}
	},

	{
		entity_name = "Char_or_pi_03_Mrk_orient_3_step",
		type = MARKER,
		template_name = "",
		lt_grp = 0, srt_grp = 0, usr_flg = 0,
		spatialprops =
		{
			pos = { -0.14819, 0, 2.236305 },
			orient = { {  0.839310,  0.000000, -0.543653 },
					   {  0.000000,  1.000000,  0.000000 },
					   {  0.543653,  0.000000,  0.839310 } }
		}
	},

	{
		entity_name = "Char_or_pi_04_Mrk_orient_3_step",
		type = MARKER,
		template_name = "",
		lt_grp = 0, srt_grp = 0, usr_flg = 0,
		spatialprops =
		{
			pos = { -2.159625, 0, 0.611589 },
			orient = { {  0.045715,  0.000000,  0.998954 },
					   {  0.000000,  1.000000,  0.000000 },
					   { -0.998954,  0.000000,  0.045715 } }
		}
	},

	{
		entity_name = "Char_Q_Mrk_Wlk_Orient_4",
		type = MARKER,
		template_name = "",
		lt_grp = 0, srt_grp = 0, usr_flg = 0,
		spatialprops =
		{
			pos = { -6.459951, 0, 6.032376 },
			orient = { {  0.831542,  0.000000,  0.555461 },
					   {  0.000000,  1.000000,  0.000000 },
					   { -0.555461,  0.000000,  0.831542 } }
		}
	},

	{
		entity_name = "Char_or_pi_04_Mrk_orient_4_step",
		type = MARKER,
		template_name = "",
		lt_grp = 0, srt_grp = 0, usr_flg = 0,
		spatialprops =
		{
			pos = { -2.159625, 0, 0.611589 },
			orient = { { -0.972045,  0.000000,  0.234796 },
					   {  0.000000,  1.000000,  0.000000 },
					   { -0.234796,  0.000000, -0.972045 } }
		}
	},

	{
		entity_name = "Char_or_pi_03_Mrk_orient_4_step",
		type = MARKER,
		template_name = "",
		lt_grp = 0, srt_grp = 0, usr_flg = 0,
		spatialprops =
		{
			pos = { -0.14819, 0, 2.236305 },
			orient = { {  0.321375,  0.000000, -0.946952 },
					   {  0.000000,  1.000000,  0.000000 },
					   {  0.946952,  0.000000,  0.321375 } }
		}
	},

	{
		entity_name = "Char_T_Mrk_Shake_Orient_1",
		type = MARKER,
		template_name = "",
		lt_grp = 0, srt_grp = 0, usr_flg = 0,
		spatialprops =
		{
			pos = { -0.917217, 0, 0.854793 },
			orient = { { -0.872994,  0.000000, -0.487730 },
					   {  0.000000,  1.000000,  0.000000 },
					   {  0.487730,  0.000000, -0.872994 } }
		}
	},

	{
		entity_name = "Char_or_pi_04_Mrk_init_orient_2",
		type = MARKER,
		template_name = "",
		lt_grp = 0, srt_grp = 0, usr_flg = 0,
		spatialprops =
		{
			pos = { 21.26026, 0, -16.75611 },
			orient = { { -0.826370,  0.000000, -0.563127 },
					   {  0.000000,  1.000000,  0.000000 },
					   {  0.563127,  0.000000, -0.826370 } }
		}
	},

	{
		entity_name = "Cam_03_ThreeShot",
		type = CAMERA,
		template_name = "",
		lt_grp = 0, srt_grp = 0, usr_flg = 0,
		spatialprops =
		{
			pos = { 16.9398, 1.66301, -12.00362 },
			orient = { {  0.291955,  0.000000,  0.956432 },
					   {  0.169441,  0.984182, -0.051723 },
					   { -0.941303,  0.177159,  0.287337 } }
		},
		cameraprops =
		{
			fovh = 30,
			hvaspect = 1.85,
			nearplane = 0.4,
			farplane = 4000
		}
	},

	{
		entity_name = "Cam_06_OTS_Trent_Wide_on_Quintaine",
		type = CAMERA,
		template_name = "",
		lt_grp = 0, srt_grp = 0, usr_flg = 0,
		spatialprops =
		{
			pos = { -1.859241, 1.529786, -3.374934 },
			orient = { { -0.997349, -0.000001,  0.072771 },
					   {  0.010308,  0.989917,  0.141276 },
					   { -0.072038,  0.141652, -0.987292 } }
		},
		cameraprops =
		{
			fovh = 30,
			hvaspect = 1.85,
			nearplane = 0.4,
			farplane = 4000
		}
	},

	{
		entity_name = "Char_Q_Mrk_Shake_Orient_1",
		type = MARKER,
		template_name = "",
		lt_grp = 0, srt_grp = 0, usr_flg = 0,
		spatialprops =
		{
			pos = { -1.076364, 0, 1.348584 },
			orient = { {  0.999993,  0.000000, -0.003632 },
					   {  0.000000,  1.000000,  0.000000 },
					   {  0.003632,  0.000000,  0.999993 } }
		}
	},

	{
		entity_name = "Bin_contraband_2_7",
		type = COMPOUND,
		template_name = "contraband_2",
		lt_grp = 3, srt_grp = 0, usr_flg = 0,
		flags = LIT_DYNAMIC,
		spatialprops =
		{
			pos = { -16.4189, 6.069581, 27.36857 },
			orient = { { -0.998857,  0.000000, -0.047795 },
					   {  0.000000,  1.000000,  0.000000 },
					   {  0.047795,  0.000000, -0.998857 } }
		},
		userprops =
		{
			category = "Equipment",
		}
	},

	{
		entity_name = "Bin_contraband_2_5",
		type = COMPOUND,
		template_name = "contraband_2",
		lt_grp = 3, srt_grp = 0, usr_flg = 0,
		flags = LIT_DYNAMIC,
		spatialprops =
		{
			pos = { -17.56321, 12.06263, 28.06776 },
			orient = { { -0.999969,  0.000000,  0.007908 },
					   {  0.000000,  1.000000,  0.000000 },
					   { -0.007908,  0.000000, -0.999969 } }
		},
		userprops =
		{
			category = "Equipment",
		}
	},

	{
		entity_name = "Bin_contraband_2_6",
		type = COMPOUND,
		template_name = "contraband_2",
		lt_grp = 3, srt_grp = 0, usr_flg = 0,
		flags = LIT_DYNAMIC,
		spatialprops =
		{
			pos = { -16.4029, 12.04244, 32.03466 },
			orient = { { -0.999969,  0.000000,  0.007908 },
					   {  0.000000,  1.000000,  0.000000 },
					   { -0.007908,  0.000000, -0.999969 } }
		},
		userprops =
		{
			category = "Equipment",
		}
	},

	{
		entity_name = "Bin_contraband_2_8",
		type = COMPOUND,
		template_name = "contraband_2",
		lt_grp = 3, srt_grp = 0, usr_flg = 0,
		flags = LIT_DYNAMIC,
		spatialprops =
		{
			pos = { -18.28496, 6.06391, 30.91101 },
			orient = { { -0.998857,  0.000000, -0.047795 },
					   {  0.000000,  1.000000,  0.000000 },
					   {  0.047795,  0.000000, -0.998857 } }
		},
		userprops =
		{
			category = "Equipment",
		}
	},

	{
		entity_name = "Bin_contraband_2_2",
		type = COMPOUND,
		template_name = "contraband_2",
		lt_grp = 3, srt_grp = 0, usr_flg = 0,
		flags = LIT_DYNAMIC,
		spatialprops =
		{
			pos = { 18.28465, 6.030819, 31.44144 },
			orient = { { -0.999719,  0.000000, -0.023699 },
					   {  0.000000,  1.000000,  0.000000 },
					   {  0.023699,  0.000000, -0.999719 } }
		},
		userprops =
		{
			category = "Equipment",
		}
	},

	{
		entity_name = "Bin_contraband_2_4",
		type = COMPOUND,
		template_name = "contraband_2",
		lt_grp = 3, srt_grp = 0, usr_flg = 0,
		flags = LIT_DYNAMIC,
		spatialprops =
		{
			pos = { 16.46635, 12.0642, 30.86921 },
			orient = { { -0.998556,  0.000000,  0.053722 },
					   {  0.000000,  1.000000,  0.000000 },
					   { -0.053722,  0.000000, -0.998556 } }
		},
		userprops =
		{
			category = "Equipment",
		}
	},

	{
		entity_name = "Cart_br_Shield_Thrust_Path_1",
		type = MOTION_PATH,
		template_name = "",
		lt_grp = 0, srt_grp = 0, usr_flg = 0,
		spatialprops =
		{
			pos = { 0, 0, 5 },
			orient = { { 1, 0, 0 }, { 0, 1, 0 }, { 0, 0, 1 } }
		},
		pathprops =
		{
			path_type = "CV_CROrientationSplinePath",
			path_data = "OPEN,{-18.403780,0.941813,-14.390110}, {0.687933,0.000000,-0.725775,0.000000}, {-2.894885,0.771345,-11.270020}, {-0.465890,0.000000,0.884843,0.000000}, {6.571810,0.894604,0.493874}, {-0.202098,0.000000,0.979365,0.000000}, "
		}
	},

	{
		entity_name = "Cart_br_Engine_Path_1",
		type = MOTION_PATH,
		template_name = "",
		lt_grp = 0, srt_grp = 0, usr_flg = 0,
		spatialprops =
		{
			pos = { 5, 0, 0 },
			orient = { { 1, 0, 0 }, { 0, 1, 0 }, { 0, 0, 1 } }
		},
		pathprops =
		{
			path_type = "CV_CROrientationSplinePath",
			path_data = "OPEN,{-5.109503,0.755393,27.630667}, {-0.022899,0.000000,0.999738,0.000000}, {-4.915134,0.716179,14.213879}, {0.056067,0.000000,0.998427,0.000000}, {-12.629069,0.731041,10.461712}, {0.652294,0.000000,-0.757966,0.000000}, "
		}
	},

	{
		entity_name = "Cam_02_POV_room_END",
		type = CAMERA,
		template_name = "",
		lt_grp = 0, srt_grp = 0, usr_flg = 0,
		spatialprops =
		{
			pos = { 18.27271, 1.475565, -12.79847 },
			orient = { { -0.981550,  0.000000,  0.191208 },
					   { -0.000396,  0.999998, -0.002031 },
					   { -0.191208, -0.002069, -0.981547 } }
		},
		cameraprops =
		{
			fovh = 30,
			hvaspect = 1.85,
			nearplane = 0.4,
			farplane = 4000
		}
	},

	{
		entity_name = "Char_or_pi_03_Mrk_orient_2",
		type = MARKER,
		template_name = "",
		lt_grp = 0, srt_grp = 0, usr_flg = 0,
		spatialprops =
		{
			pos = { 17.7782, 0, -10.9751 },
			orient = { { -0.179312,  0.000000, -0.983792 },
					   {  0.000000,  1.000000,  0.000000 },
					   {  0.983792,  0.000000, -0.179312 } }
		}
	},

	{
		entity_name = "Char_Q_assistant_male_1_1",
		type = DEFORMABLE,
		template_name = "assistant_male_1",
		lt_grp = 0, srt_grp = 0, usr_flg = 0,
		flags = LIT_DYNAMIC,
		spatialprops =
		{
			pos = { 3.186653, 0, 16.91197 },
			orient = { {  0.879773,  0.000000, -0.475395 },
					   {  0.000000,  1.000000,  0.000000 },
					   {  0.475395,  0.000000,  0.879773 } }
		},
		compoundprops =
		{
			floor_height = 0
		},
		userprops =
		{
			Actor = "assist_02",
			category = "Character",
			Priority = "BG_Extras_1",
		}
	},

	{
		entity_name = "Char_Q_Mrk_assistant_orient_1",
		type = MARKER,
		template_name = "",
		lt_grp = 0, srt_grp = 0, usr_flg = 0,
		spatialprops =
		{
			pos = { -0.564938, 0, 10.02278 },
			orient = { {  0.767973,  0.000000, -0.640482 },
					   {  0.000000,  1.000000,  0.000000 },
					   {  0.640482,  0.000000,  0.767973 } }
		}
	},

	{
		entity_name = "Char_Q_Mrk_assistant_orient_2",
		type = MARKER,
		template_name = "",
		lt_grp = 0, srt_grp = 0, usr_flg = 0,
		spatialprops =
		{
			pos = { -1.037263, 0, 9.456432 },
			orient = { {  0.256272,  0.000000, -0.966605 },
					   {  0.000000,  1.000000,  0.000000 },
					   {  0.966605,  0.000000,  0.256272 } }
		}
	},

	{
		entity_name = "Char_Q_Mrk_assistant_orient_3",
		type = MARKER,
		template_name = "",
		lt_grp = 0, srt_grp = 0, usr_flg = 0,
		spatialprops =
		{
			pos = { -0.263401, 0, 6.537586 },
			orient = { { -0.554832,  0.000000,  0.831963 },
					   {  0.000000,  1.000000,  0.000000 },
					   { -0.831963,  0.000000, -0.554832 } }
		}
	},

	{
		entity_name = "Char_or_pi_04_Mrk_init_at_Q",
		type = MARKER,
		template_name = "",
		lt_grp = 0, srt_grp = 0, usr_flg = 0,
		spatialprops =
		{
			pos = { -1.102722, 0, -0.301558 },
			orient = { { -0.965907,  0.000000, -0.258890 },
					   {  0.000000,  1.000000,  0.000000 },
					   {  0.258890,  0.000000, -0.965907 } }
		}
	},

	{
		entity_name = "Char_Q_Mrk_Against_Trent",
		type = MARKER,
		template_name = "",
		lt_grp = 0, srt_grp = 0, usr_flg = 0,
		spatialprops =
		{
			pos = { -1.916259, 0, 2.69013 },
			orient = { {  0.823403,  0.000000,  0.567457 },
					   {  0.000000,  1.000000,  0.000000 },
					   { -0.567457,  0.000000,  0.823403 } }
		}
	},

	{
		entity_name = "Char_Q_Mrk_Wlk_Orient_5",
		type = MARKER,
		template_name = "",
		lt_grp = 0, srt_grp = 0, usr_flg = 0,
		spatialprops =
		{
			pos = { -2.810435, 0, 4.322526 },
			orient = { {  0.887091,  0.000000,  0.461595 },
					   {  0.000000,  1.000000,  0.000000 },
					   { -0.461595,  0.000000,  0.887091 } }
		}
	},

	{
		entity_name = "Char_or_pi_03_Mrk_walk_1",
		type = MARKER,
		template_name = "",
		lt_grp = 0, srt_grp = 0, usr_flg = 0,
		spatialprops =
		{
			pos = { 0.852653, 0, 2.55486 },
			orient = { { -0.587406,  0.000000, -0.809292 },
					   {  0.000000,  1.000000,  0.000000 },
					   {  0.809292,  0.000000, -0.587406 } }
		}
	},

	{
		entity_name = "Char_or_pi_03_Mrk_walk_2",
		type = MARKER,
		template_name = "",
		lt_grp = 0, srt_grp = 0, usr_flg = 0,
		spatialprops =
		{
			pos = { -0.459744, 0, 3.507433 },
			orient = { { -0.776574,  0.000000, -0.630026 },
					   {  0.000000,  1.000000,  0.000000 },
					   {  0.630026,  0.000000, -0.776574 } }
		}
	},

	{
		entity_name = "Char_or_pi_03_Mrk_turn_1",
		type = MARKER,
		template_name = "",
		lt_grp = 0, srt_grp = 0, usr_flg = 0,
		spatialprops =
		{
			pos = { -2.955061, 0, 6.47265 },
			orient = { {  0.994982,  0.000000,  0.100055 },
					   {  0.000000,  1.000000,  0.000000 },
					   { -0.100055,  0.000000,  0.994982 } }
		}
	},

	{
		entity_name = "Char_or_pi_03_Mrk_turn_2",
		type = MARKER,
		template_name = "",
		lt_grp = 0, srt_grp = 0, usr_flg = 0,
		spatialprops =
		{
			pos = { -0.900675, 0, 3.134182 },
			orient = { {  0.980786,  0.000000, -0.195089 },
					   {  0.000000,  1.000000,  0.000000 },
					   {  0.195089,  0.000000,  0.980786 } }
		}
	},

	{
		entity_name = "Char_or_pi_04_Mrk_init_orient_3",
		type = MARKER,
		template_name = "",
		lt_grp = 0, srt_grp = 0, usr_flg = 0,
		spatialprops =
		{
			pos = { 20.76892, 0, -16.52029 },
			orient = { { -0.579236,  0.000000, -0.815160 },
					   {  0.000000,  1.000000,  0.000000 },
					   {  0.815160,  0.000000, -0.579236 } }
		}
	},

	{
		entity_name = "Char_or_pi_04_Mrk_init_orient_4",
		type = MARKER,
		template_name = "",
		lt_grp = 0, srt_grp = 0, usr_flg = 0,
		spatialprops =
		{
			pos = { -0.541194, 0, -2.301065 },
			orient = { { -0.995271,  0.000000, -0.097137 },
					   {  0.000000,  1.000000,  0.000000 },
					   {  0.097137,  0.000000, -0.995271 } }
		}
	},

	{
		entity_name = "Char_or_pi_04_Mrk_init_orient_5",
		type = MARKER,
		template_name = "",
		lt_grp = 0, srt_grp = 0, usr_flg = 0,
		spatialprops =
		{
			pos = { -0.973765, 0, 0.237817 },
			orient = { { -0.917355,  0.000000, -0.398070 },
					   {  0.000000,  1.000000,  0.000000 },
					   {  0.398070,  0.000000, -0.917355 } }
		}
	},

	{
		entity_name = "Char_or_pi_03_Mrk_walk_3",
		type = MARKER,
		template_name = "",
		lt_grp = 0, srt_grp = 0, usr_flg = 0,
		spatialprops =
		{
			pos = { -1.942564, 0, 4.184833 },
			orient = { {  0.968784,  0.000000,  0.247905 },
					   {  0.000000,  1.000000,  0.000000 },
					   { -0.247905,  0.000000,  0.968784 } }
		}
	},

	{
		entity_name = "Char_or_pi_03_Mrk_walk_END",
		type = MARKER,
		template_name = "",
		lt_grp = 0, srt_grp = 0, usr_flg = 0,
		spatialprops =
		{
			pos = { -1.199204, 0, 2.67459 },
			orient = { {  0.999094,  0.000000,  0.042553 },
					   {  0.000000,  1.000000,  0.000000 },
					   { -0.042553,  0.000000,  0.999094 } }
		}
	},

	{
		entity_name = "Char_or_pi_03_Mrk_walk_4",
		type = MARKER,
		template_name = "",
		lt_grp = 0, srt_grp = 0, usr_flg = 0,
		spatialprops =
		{
			pos = { -1.298575, 0, 5.007706 },
			orient = { {  0.838194,  0.000000,  0.545373 },
					   {  0.000000,  1.000000,  0.000000 },
					   { -0.545373,  0.000000,  0.838194 } }
		}
	},

	{
		entity_name = "Char_Q_Mrk_begin",
		type = MARKER,
		template_name = "",
		lt_grp = 0, srt_grp = 0, usr_flg = 0,
		spatialprops =
		{
			pos = { 3.485419, 0, 16.80259 },
			orient = { {  0.939045,  0.000000, -0.343796 },
					   {  0.000000,  1.000000,  0.000000 },
					   {  0.343796,  0.000000,  0.939045 } }
		}
	},

	{
		entity_name = "Cart_br_Engine_Mrk_Orient",
		type = MARKER,
		template_name = "",
		lt_grp = 0, srt_grp = 0, usr_flg = 0,
		spatialprops =
		{
			pos = { -0.109503, 0.755393, 27.63067 },
			orient = { { -0.998951,  0.000000,  0.045786 },
					   {  0.000000,  1.000000,  0.000000 },
					   { -0.045786,  0.000000, -0.998951 } }
		}
	},

	{
		entity_name = "Char_Q_Mrk_begin_walk_1",
		type = MARKER,
		template_name = "",
		lt_grp = 0, srt_grp = 0, usr_flg = 0,
		spatialprops =
		{
